Point ID	p	Points_Magnitude	powerDensity.fixedPower	T.interface	T.liquid	T.vapour	U.liquid_Magnitude
0	nan	0.000000e+00	nan	nan	nan	nan	nan
1	1.490261e+07	1.655149e-03	0.000000e+00	6.147570e+02	6.027500e+02	6.108871e+02	4.682920e+00
2	1.490259e+07	3.310298e-03	0.000000e+00	6.147568e+02	6.027500e+02	6.110195e+02	4.682920e+00
3	1.490258e+07	4.965446e-03	0.000000e+00	6.147568e+02	6.027500e+02	6.111519e+02	4.682920e+00
4	1.490256e+07	6.620596e-03	0.000000e+00	6.147567e+02	6.027500e+02	6.112843e+02	4.682920e+00
5	1.490254e+07	8.275745e-03	0.000000e+00	6.147566e+02	6.027500e+02	6.114167e+02	4.682920e+00
6	1.490252e+07	9.930893e-03	0.000000e+00	6.147565e+02	6.027500e+02	6.115491e+02	4.682920e+00
7	1.490250e+07	1.158604e-02	0.000000e+00	6.147565e+02	6.027500e+02	6.116815e+02	4.682920e+00
8	1.490248e+07	1.324119e-02	0.000000e+00	6.147563e+02	6.027500e+02	6.118138e+02	4.682920e+00
9	1.490246e+07	1.489634e-02	0.000000e+00	6.147563e+02	6.027500e+02	6.119462e+02	4.682920e+00
10	1.490244e+07	1.655149e-02	0.000000e+00	6.147562e+02	6.027500e+02	6.120786e+02	4.682920e+00
11	1.490242e+07	1.820664e-02	0.000000e+00	6.147561e+02	6.027500e+02	6.122111e+02	4.682920e+00
12	1.490240e+07	1.986179e-02	0.000000e+00	6.147560e+02	6.027500e+02	6.123434e+02	4.682920e+00
13	1.490238e+07	2.151693e-02	0.000000e+00	6.147559e+02	6.027500e+02	6.124758e+02	4.682920e+00
14	1.490236e+07	2.317208e-02	0.000000e+00	6.147559e+02	6.027500e+02	6.126082e+02	4.682920e+00
15	1.490234e+07	2.482723e-02	0.000000e+00	6.147558e+02	6.027500e+02	6.127406e+02	4.682920e+00
16	1.490232e+07	2.648238e-02	0.000000e+00	6.147557e+02	6.027500e+02	6.128730e+02	4.682920e+00
17	1.490230e+07	2.813753e-02	0.000000e+00	6.147556e+02	6.027500e+02	6.130054e+02	4.682920e+00
18	1.490229e+07	2.979268e-02	0.000000e+00	6.147556e+02	6.027500e+02	6.131378e+02	4.682920e+00
19	1.490227e+07	3.144783e-02	0.000000e+00	6.147554e+02	6.027500e+02	6.132702e+02	4.682920e+00
20	1.490225e+07	3.310298e-02	0.000000e+00	6.147554e+02	6.027500e+02	6.134026e+02	4.682920e+00
21	1.490223e+07	3.475813e-02	0.000000e+00	6.147553e+02	6.027500e+02	6.135350e+02	4.682920e+00
22	1.490221e+07	3.641328e-02	0.000000e+00	6.147552e+02	6.027500e+02	6.136674e+02	4.682920e+00
23	1.490219e+07	3.806842e-02	0.000000e+00	6.147551e+02	6.027500e+02	6.137997e+02	4.682920e+00
24	1.490217e+07	3.972357e-02	0.000000e+00	6.147550e+02	6.027500e+02	6.139321e+02	4.682920e+00
25	1.490215e+07	4.137872e-02	0.000000e+00	6.147549e+02	6.027500e+02	6.140646e+02	4.682920e+00
26	1.490213e+07	4.303387e-02	0.000000e+00	6.147549e+02	6.027500e+02	6.141970e+02	4.682920e+00
27	1.490211e+07	4.468902e-02	0.000000e+00	6.147548e+02	6.027500e+02	6.143293e+02	4.682920e+00
28	1.490209e+07	4.634417e-02	0.000000e+00	6.147547e+02	6.027500e+02	6.144617e+02	4.682920e+00
29	1.490207e+07	4.799931e-02	0.000000e+00	6.147546e+02	6.027500e+02	6.145941e+02	4.682920e+00
30	1.490205e+07	4.965447e-02	0.000000e+00	6.147545e+02	6.027500e+02	6.147265e+02	4.682920e+00
31	1.490202e+07	5.130962e-02	2.592524e+07	6.147543e+02	6.027771e+02	6.147543e+02	4.683243e+00
32	1.490198e+07	5.296477e-02	5.880366e+07	6.147542e+02	6.028114e+02	6.147542e+02	4.683654e+00
33	1.490194e+07	5.461991e-02	9.168201e+07	6.147540e+02	6.028458e+02	6.147540e+02	4.684064e+00
34	1.490191e+07	5.627506e-02	1.245604e+08	6.147538e+02	6.028801e+02	6.147538e+02	4.684474e+00
35	1.490187e+07	5.793021e-02	1.574388e+08	6.147535e+02	6.029144e+02	6.147535e+02	4.684885e+00
36	1.490183e+07	5.958536e-02	1.903172e+08	6.147534e+02	6.029488e+02	6.147534e+02	4.685295e+00
37	1.490179e+07	6.124051e-02	2.231956e+08	6.147532e+02	6.029831e+02	6.147532e+02	4.685705e+00
38	1.490175e+07	6.289566e-02	2.560740e+08	6.147530e+02	6.030175e+02	6.147530e+02	4.686115e+00
39	1.490172e+07	6.455081e-02	2.889524e+08	6.147527e+02	6.030518e+02	6.147527e+02	4.686526e+00
40	1.490168e+07	6.620596e-02	3.218307e+08	6.147526e+02	6.030861e+02	6.147526e+02	4.686936e+00
41	1.490164e+07	6.786111e-02	3.547092e+08	6.147524e+02	6.031205e+02	6.147524e+02	4.687346e+00
42	1.490160e+07	6.951626e-02	3.875876e+08	6.147522e+02	6.031548e+02	6.147522e+02	4.687757e+00
43	1.490156e+07	7.117140e-02	4.204659e+08	6.147520e+02	6.031891e+02	6.147520e+02	4.688167e+00
44	1.490152e+07	7.282656e-02	4.533444e+08	6.147518e+02	6.032235e+02	6.147518e+02	4.688577e+00
45	1.490149e+07	7.448170e-02	4.862228e+08	6.147516e+02	6.032579e+02	6.147516e+02	4.688987e+00
46	1.490145e+07	7.613684e-02	5.191011e+08	6.147514e+02	6.032922e+02	6.147514e+02	4.689397e+00
47	1.490141e+07	7.779200e-02	5.519796e+08	6.147512e+02	6.033265e+02	6.147512e+02	4.689808e+00
48	1.490137e+07	7.944714e-02	5.848579e+08	6.147510e+02	6.033608e+02	6.147510e+02	4.690218e+00
49	1.490134e+07	8.110229e-02	6.177363e+08	6.147508e+02	6.033952e+02	6.147508e+02	4.690629e+00
50	1.490130e+07	8.275744e-02	6.506148e+08	6.147506e+02	6.034296e+02	6.147506e+02	4.691039e+00
51	1.490126e+07	8.441259e-02	6.834931e+08	6.147504e+02	6.034639e+02	6.147504e+02	4.691449e+00
52	1.490122e+07	8.606774e-02	7.163715e+08	6.147502e+02	6.034982e+02	6.147502e+02	4.691859e+00
53	1.490118e+07	8.772289e-02	7.492499e+08	6.147500e+02	6.035326e+02	6.147500e+02	4.692269e+00
54	1.490114e+07	8.937804e-02	7.821283e+08	6.147498e+02	6.035669e+02	6.147498e+02	4.692680e+00
55	1.490111e+07	9.103318e-02	8.150067e+08	6.147496e+02	6.036013e+02	6.147496e+02	4.693090e+00
56	1.490107e+07	9.268834e-02	8.478851e+08	6.147494e+02	6.036356e+02	6.147494e+02	4.693500e+00
57	1.490103e+07	9.434348e-02	8.807635e+08	6.147492e+02	6.036699e+02	6.147492e+02	4.693911e+00
58	1.490099e+07	9.599863e-02	9.136419e+08	6.147490e+02	6.037043e+02	6.147490e+02	4.694321e+00
59	1.490095e+07	9.765378e-02	9.465203e+08	6.147488e+02	6.037386e+02	6.147488e+02	4.694731e+00
60	1.490092e+07	9.930893e-02	9.793987e+08	6.147486e+02	6.037729e+02	6.147486e+02	4.695141e+00
61	1.490088e+07	1.009641e-01	1.002455e+09	6.147485e+02	6.038063e+02	6.147485e+02	4.695660e+00
62	1.490086e+07	1.026192e-01	1.018313e+09	6.147483e+02	6.038391e+02	6.147483e+02	4.696258e+00
63	1.490083e+07	1.042744e-01	1.034171e+09	6.147482e+02	6.038718e+02	6.147482e+02	4.696856e+00
64	1.490080e+07	1.059295e-01	1.050029e+09	6.147480e+02	6.039044e+02	6.147480e+02	4.697454e+00
65	1.490077e+07	1.075847e-01	1.065887e+09	6.147479e+02	6.039371e+02	6.147479e+02	4.698052e+00
66	1.490074e+07	1.092398e-01	1.081744e+09	6.147477e+02	6.039698e+02	6.147477e+02	4.698651e+00
67	1.490072e+07	1.108950e-01	1.097602e+09	6.147476e+02	6.040025e+02	6.147476e+02	4.699249e+00
68	1.490069e+07	1.125501e-01	1.113460e+09	6.147474e+02	6.040352e+02	6.147474e+02	4.699847e+00
69	1.490066e+07	1.142053e-01	1.129318e+09	6.147473e+02	6.040679e+02	6.147473e+02	4.700445e+00
70	1.490063e+07	1.158604e-01	1.145175e+09	6.147471e+02	6.041006e+02	6.147471e+02	4.701043e+00
71	1.490060e+07	1.175156e-01	1.161033e+09	6.147470e+02	6.041333e+02	6.147470e+02	4.701641e+00
72	1.490058e+07	1.191707e-01	1.176891e+09	6.147469e+02	6.041660e+02	6.147469e+02	4.702240e+00
73	1.490055e+07	1.208259e-01	1.192749e+09	6.147467e+02	6.041987e+02	6.147467e+02	4.702837e+00
74	1.490052e+07	1.224810e-01	1.208606e+09	6.147466e+02	6.042314e+02	6.147466e+02	4.703435e+00
75	1.490049e+07	1.241362e-01	1.224464e+09	6.147465e+02	6.042641e+02	6.147465e+02	4.704034e+00
76	1.490046e+07	1.257913e-01	1.240322e+09	6.147463e+02	6.042968e+02	6.147463e+02	4.704632e+00
77	1.490044e+07	1.274465e-01	1.256179e+09	6.147462e+02	6.043295e+02	6.147462e+02	4.705230e+00
78	1.490041e+07	1.291016e-01	1.272037e+09	6.147460e+02	6.043622e+02	6.147460e+02	4.705828e+00
79	1.490038e+07	1.307568e-01	1.287895e+09	6.147458e+02	6.043949e+02	6.147458e+02	4.706426e+00
80	1.490035e+07	1.324119e-01	1.303753e+09	6.147457e+02	6.044276e+02	6.147457e+02	4.707024e+00
81	1.490032e+07	1.340671e-01	1.319610e+09	6.147455e+02	6.044603e+02	6.147455e+02	4.707623e+00
82	1.490030e+07	1.357222e-01	1.335468e+09	6.147454e+02	6.044930e+02	6.147454e+02	4.708220e+00
83	1.490027e+07	1.373774e-01	1.351326e+09	6.147453e+02	6.045256e+02	6.147453e+02	4.708818e+00
84	1.490024e+07	1.390325e-01	1.367184e+09	6.147451e+02	6.045583e+02	6.147451e+02	4.709417e+00
85	1.490021e+07	1.406877e-01	1.383041e+09	6.147450e+02	6.045911e+02	6.147450e+02	4.710015e+00
86	1.490018e+07	1.423428e-01	1.398899e+09	6.147449e+02	6.046237e+02	6.147449e+02	4.710613e+00
87	1.490016e+07	1.439980e-01	1.414757e+09	6.147447e+02	6.046564e+02	6.147447e+02	4.711211e+00
88	1.490013e+07	1.456531e-01	1.430615e+09	6.147446e+02	6.046891e+02	6.147446e+02	4.711809e+00
89	1.490010e+07	1.473083e-01	1.446472e+09	6.147444e+02	6.047219e+02	6.147444e+02	4.712407e+00
90	1.490007e+07	1.489634e-01	1.462330e+09	6.147443e+02	6.047545e+02	6.147443e+02	4.713006e+00
91	1.490005e+07	1.506186e-01	1.478188e+09	6.147441e+02	6.047872e+02	6.147441e+02	4.713603e+00
92	1.490002e+07	1.522737e-01	1.494046e+09	6.147440e+02	6.048199e+02	6.147440e+02	4.714201e+00
93	1.489999e+07	1.539288e-01	1.509903e+09	6.147438e+02	6.048526e+02	6.147438e+02	4.714800e+00
94	1.489996e+07	1.555840e-01	1.525761e+09	6.147437e+02	6.048853e+02	6.147437e+02	4.715398e+00
95	1.489993e+07	1.572391e-01	1.541619e+09	6.147435e+02	6.049180e+02	6.147435e+02	4.715996e+00
96	1.489991e+07	1.588943e-01	1.557477e+09	6.147434e+02	6.049507e+02	6.147434e+02	4.716594e+00
97	1.489988e+07	1.605494e-01	1.573334e+09	6.147433e+02	6.049834e+02	6.147433e+02	4.717192e+00
98	1.489985e+07	1.622046e-01	1.589192e+09	6.147431e+02	6.050161e+02	6.147431e+02	4.717790e+00
99	1.489982e+07	1.638597e-01	1.605050e+09	6.147430e+02	6.050488e+02	6.147430e+02	4.718389e+00
100	1.489979e+07	1.655149e-01	1.620908e+09	6.147428e+02	6.050815e+02	6.147428e+02	4.718987e+00
101	1.489977e+07	1.671700e-01	1.636765e+09	6.147427e+02	6.051142e+02	6.147427e+02	4.719584e+00
102	1.489974e+07	1.688252e-01	1.652623e+09	6.147426e+02	6.051469e+02	6.147426e+02	4.720183e+00
103	1.489971e+07	1.704803e-01	1.668481e+09	6.147424e+02	6.051796e+02	6.147424e+02	4.720781e+00
104	1.489968e+07	1.721355e-01	1.684339e+09	6.147422e+02	6.052123e+02	6.147422e+02	4.721379e+00
105	1.489966e+07	1.737906e-01	1.700196e+09	6.147421e+02	6.052450e+02	6.147421e+02	4.721977e+00
106	1.489963e+07	1.754458e-01	1.716054e+09	6.147419e+02	6.052776e+02	6.147419e+02	4.722575e+00
107	1.489960e+07	1.771009e-01	1.731912e+09	6.147418e+02	6.053104e+02	6.147418e+02	4.723173e+00
108	1.489957e+07	1.787561e-01	1.747770e+09	6.147417e+02	6.053431e+02	6.147417e+02	4.723772e+00
109	1.489954e+07	1.804112e-01	1.763627e+09	6.147415e+02	6.053757e+02	6.147415e+02	4.724370e+00
110	1.489952e+07	1.820664e-01	1.779485e+09	6.147414e+02	6.054084e+02	6.147414e+02	4.724968e+00
111	1.489949e+07	1.837215e-01	1.795343e+09	6.147412e+02	6.054412e+02	6.147412e+02	4.725566e+00
112	1.489946e+07	1.853767e-01	1.811201e+09	6.147411e+02	6.054738e+02	6.147411e+02	4.726164e+00
113	1.489943e+07	1.870318e-01	1.827058e+09	6.147410e+02	6.055065e+02	6.147410e+02	4.726762e+00
114	1.489940e+07	1.886870e-01	1.842916e+09	6.147408e+02	6.055392e+02	6.147408e+02	4.727360e+00
115	1.489938e+07	1.903421e-01	1.858774e+09	6.147407e+02	6.055720e+02	6.147407e+02	4.727958e+00
116	1.489935e+07	1.919973e-01	1.874632e+09	6.147405e+02	6.056046e+02	6.147405e+02	4.728557e+00
117	1.489932e+07	1.936524e-01	1.890489e+09	6.147404e+02	6.056373e+02	6.147404e+02	4.729155e+00
118	1.489929e+07	1.953076e-01	1.906347e+09	6.147402e+02	6.056700e+02	6.147402e+02	4.729753e+00
119	1.489926e+07	1.969627e-01	1.922205e+09	6.147401e+02	6.057027e+02	6.147401e+02	4.730351e+00
120	1.489924e+07	1.986179e-01	1.938063e+09	6.147399e+02	6.057354e+02	6.147399e+02	4.730949e+00
121	1.489921e+07	2.002730e-01	1.953920e+09	6.147398e+02	6.057681e+02	6.147398e+02	4.731547e+00
122	1.489918e+07	2.019282e-01	1.969778e+09	6.147397e+02	6.058008e+02	6.147397e+02	4.732145e+00
123	1.489915e+07	2.035833e-01	1.985636e+09	6.147395e+02	6.058335e+02	6.147395e+02	4.732743e+00
124	1.489912e+07	2.052385e-01	1.986610e+09	6.147393e+02	6.058654e+02	6.147393e+02	4.733539e+00
125	1.489909e+07	2.068936e-01	1.986610e+09	6.147391e+02	6.058972e+02	6.147391e+02	4.734348e+00
126	1.489905e+07	2.085488e-01	1.986610e+09	6.147390e+02	6.059291e+02	6.147390e+02	4.735157e+00
127	1.489902e+07	2.102039e-01	1.986610e+09	6.147388e+02	6.059609e+02	6.147388e+02	4.735966e+00
128	1.489899e+07	2.118591e-01	1.986610e+09	6.147386e+02	6.059927e+02	6.147386e+02	4.736774e+00
129	1.489896e+07	2.135142e-01	1.986610e+09	6.147385e+02	6.060245e+02	6.147385e+02	4.737584e+00
130	1.489892e+07	2.151694e-01	1.986610e+09	6.147383e+02	6.060564e+02	6.147383e+02	4.738392e+00
131	1.489889e+07	2.168245e-01	1.986610e+09	6.147381e+02	6.060882e+02	6.147381e+02	4.739201e+00
132	1.489886e+07	2.184796e-01	1.986610e+09	6.147379e+02	6.061201e+02	6.147379e+02	4.740010e+00
133	1.489882e+07	2.201348e-01	1.986610e+09	6.147377e+02	6.061519e+02	6.147377e+02	4.740819e+00
134	1.489879e+07	2.217900e-01	1.986610e+09	6.147376e+02	6.061837e+02	6.147376e+02	4.741628e+00
135	1.489876e+07	2.234451e-01	1.986610e+09	6.147374e+02	6.062156e+02	6.147374e+02	4.742436e+00
136	1.489873e+07	2.251002e-01	1.986610e+09	6.147372e+02	6.062474e+02	6.147372e+02	4.743246e+00
137	1.489869e+07	2.267554e-01	1.986610e+09	6.147371e+02	6.062792e+02	6.147371e+02	4.744054e+00
138	1.489866e+07	2.284105e-01	1.986610e+09	6.147369e+02	6.063110e+02	6.147369e+02	4.744863e+00
139	1.489863e+07	2.300657e-01	1.986610e+09	6.147367e+02	6.063429e+02	6.147367e+02	4.745672e+00
140	1.489860e+07	2.317208e-01	1.986610e+09	6.147365e+02	6.063747e+02	6.147365e+02	4.746481e+00
141	1.489856e+07	2.333760e-01	1.986610e+09	6.147363e+02	6.064066e+02	6.147363e+02	4.747290e+00
142	1.489853e+07	2.350311e-01	1.986610e+09	6.147362e+02	6.064384e+02	6.147362e+02	4.748098e+00
143	1.489850e+07	2.366863e-01	1.986610e+09	6.147360e+02	6.064702e+02	6.147360e+02	4.748908e+00
144	1.489846e+07	2.383414e-01	1.986610e+09	6.147358e+02	6.065020e+02	6.147358e+02	4.749716e+00
145	1.489843e+07	2.399966e-01	1.986610e+09	6.147357e+02	6.065339e+02	6.147357e+02	4.750525e+00
146	1.489840e+07	2.416517e-01	1.986610e+09	6.147355e+02	6.065657e+02	6.147355e+02	4.751334e+00
147	1.489837e+07	2.433069e-01	1.986610e+09	6.147353e+02	6.065975e+02	6.147353e+02	4.752143e+00
148	1.489833e+07	2.449620e-01	1.986610e+09	6.147351e+02	6.066294e+02	6.147351e+02	4.752952e+00
149	1.489830e+07	2.466172e-01	1.986610e+09	6.147349e+02	6.066612e+02	6.147349e+02	4.753760e+00
150	1.489827e+07	2.482723e-01	1.986610e+09	6.147348e+02	6.066931e+02	6.147348e+02	4.754570e+00
151	1.489824e+07	2.499275e-01	1.986610e+09	6.147346e+02	6.067249e+02	6.147346e+02	4.755378e+00
152	1.489820e+07	2.515827e-01	1.986610e+09	6.147344e+02	6.067567e+02	6.147344e+02	4.756187e+00
153	1.489817e+07	2.532378e-01	1.986610e+09	6.147343e+02	6.067885e+02	6.147343e+02	4.756996e+00
154	1.489814e+07	2.548929e-01	1.986610e+09	6.147341e+02	6.068204e+02	6.147341e+02	4.757805e+00
155	1.489810e+07	2.565481e-01	1.986610e+09	6.147339e+02	6.068522e+02	6.147339e+02	4.758614e+00
156	1.489807e+07	2.582032e-01	1.986610e+09	6.147337e+02	6.068840e+02	6.147337e+02	4.759422e+00
157	1.489804e+07	2.598584e-01	1.986610e+09	6.147335e+02	6.069159e+02	6.147335e+02	4.760231e+00
158	1.489801e+07	2.615135e-01	1.986610e+09	6.147334e+02	6.069477e+02	6.147334e+02	4.761040e+00
159	1.489797e+07	2.631687e-01	1.986610e+09	6.147332e+02	6.069796e+02	6.147332e+02	4.761849e+00
160	1.489794e+07	2.648238e-01	1.986610e+09	6.147330e+02	6.070114e+02	6.147330e+02	4.762658e+00
161	1.489791e+07	2.664790e-01	1.986610e+09	6.147328e+02	6.070432e+02	6.147328e+02	4.763467e+00
162	1.489788e+07	2.681341e-01	1.986610e+09	6.147327e+02	6.070750e+02	6.147327e+02	4.764276e+00
163	1.489784e+07	2.697893e-01	1.986610e+09	6.147325e+02	6.071069e+02	6.147325e+02	4.765084e+00
164	1.489781e+07	2.714444e-01	1.986610e+09	6.147323e+02	6.071387e+02	6.147323e+02	4.765893e+00
165	1.489778e+07	2.730996e-01	1.986610e+09	6.147321e+02	6.071705e+02	6.147321e+02	4.766702e+00
166	1.489774e+07	2.747547e-01	1.986610e+09	6.147320e+02	6.072024e+02	6.147320e+02	4.767511e+00
167	1.489771e+07	2.764099e-01	1.986610e+09	6.147318e+02	6.072342e+02	6.147318e+02	4.768320e+00
168	1.489768e+07	2.780650e-01	1.986610e+09	6.147316e+02	6.072661e+02	6.147316e+02	4.769129e+00
169	1.489765e+07	2.797202e-01	1.986610e+09	6.147314e+02	6.072979e+02	6.147314e+02	4.769938e+00
170	1.489761e+07	2.813753e-01	1.986610e+09	6.147313e+02	6.073297e+02	6.147313e+02	4.770746e+00
171	1.489758e+07	2.830305e-01	1.986610e+09	6.147311e+02	6.073615e+02	6.147311e+02	4.771555e+00
172	1.489755e+07	2.846856e-01	1.986610e+09	6.147309e+02	6.073934e+02	6.147309e+02	4.772364e+00
173	1.489752e+07	2.863408e-01	1.986610e+09	6.147307e+02	6.074252e+02	6.147307e+02	4.773173e+00
174	1.489748e+07	2.879959e-01	1.986610e+09	6.147306e+02	6.074570e+02	6.147306e+02	4.773982e+00
175	1.489745e+07	2.896511e-01	1.986610e+09	6.147304e+02	6.074888e+02	6.147304e+02	4.774791e+00
176	1.489742e+07	2.913062e-01	1.986610e+09	6.147302e+02	6.075207e+02	6.147302e+02	4.775599e+00
177	1.489738e+07	2.929614e-01	1.986610e+09	6.147300e+02	6.075526e+02	6.147300e+02	4.776408e+00
178	1.489735e+07	2.946165e-01	1.986610e+09	6.147299e+02	6.075844e+02	6.147299e+02	4.777217e+00
179	1.489732e+07	2.962717e-01	1.986610e+09	6.147297e+02	6.076162e+02	6.147297e+02	4.778026e+00
180	1.489729e+07	2.979268e-01	1.986610e+09	6.147295e+02	6.076480e+02	6.147295e+02	4.778835e+00
181	1.489725e+07	2.995820e-01	1.986610e+09	6.147294e+02	6.076799e+02	6.147294e+02	4.779644e+00
182	1.489722e+07	3.012371e-01	1.986610e+09	6.147292e+02	6.077117e+02	6.147292e+02	4.780453e+00
183	1.489719e+07	3.028922e-01	1.986610e+09	6.147290e+02	6.077435e+02	6.147290e+02	4.781261e+00
184	1.489716e+07	3.045474e-01	1.986610e+09	6.147288e+02	6.077753e+02	6.147288e+02	4.782070e+00
185	1.489712e+07	3.062025e-01	1.986610e+09	6.147286e+02	6.078072e+02	6.147286e+02	4.782879e+00
186	1.489709e+07	3.078577e-01	1.986610e+09	6.147285e+02	6.078383e+02	6.147285e+02	4.783782e+00
187	1.489706e+07	3.095128e-01	1.986610e+09	6.147283e+02	6.078675e+02	6.147283e+02	4.784905e+00
188	1.489702e+07	3.111680e-01	1.986610e+09	6.147281e+02	6.078968e+02	6.147281e+02	4.786029e+00
189	1.489699e+07	3.128231e-01	1.986610e+09	6.147279e+02	6.079261e+02	6.147279e+02	4.787152e+00
190	1.489695e+07	3.144783e-01	1.986610e+09	6.147277e+02	6.079553e+02	6.147277e+02	4.788275e+00
191	1.489692e+07	3.161334e-01	1.986610e+09	6.147275e+02	6.079846e+02	6.147275e+02	4.789398e+00
192	1.489688e+07	3.177886e-01	1.986610e+09	6.147274e+02	6.080139e+02	6.147274e+02	4.790521e+00
193	1.489685e+07	3.194437e-01	1.986610e+09	6.147272e+02	6.080432e+02	6.147272e+02	4.791644e+00
194	1.489682e+07	3.210989e-01	1.986610e+09	6.147270e+02	6.080724e+02	6.147270e+02	4.792767e+00
195	1.489678e+07	3.227540e-01	1.986610e+09	6.147268e+02	6.081017e+02	6.147268e+02	4.793890e+00
196	1.489675e+07	3.244092e-01	1.986610e+09	6.147266e+02	6.081310e+02	6.147266e+02	4.795013e+00
197	1.489671e+07	3.260643e-01	1.986610e+09	6.147264e+02	6.081602e+02	6.147264e+02	4.796136e+00
198	1.489668e+07	3.277195e-01	1.986610e+09	6.147263e+02	6.081895e+02	6.147263e+02	4.797260e+00
199	1.489664e+07	3.293746e-01	1.986610e+09	6.147261e+02	6.082188e+02	6.147261e+02	4.798383e+00
200	1.489661e+07	3.310298e-01	1.986610e+09	6.147259e+02	6.082480e+02	6.147259e+02	4.799506e+00
201	1.489658e+07	3.326849e-01	1.986610e+09	6.147257e+02	6.082773e+02	6.147257e+02	4.800629e+00
202	1.489654e+07	3.343401e-01	1.986610e+09	6.147255e+02	6.083066e+02	6.147255e+02	4.801752e+00
203	1.489651e+07	3.359952e-01	1.986610e+09	6.147253e+02	6.083359e+02	6.147253e+02	4.802875e+00
204	1.489647e+07	3.376504e-01	1.986610e+09	6.147252e+02	6.083651e+02	6.147252e+02	4.803998e+00
205	1.489644e+07	3.393055e-01	1.986610e+09	6.147250e+02	6.083944e+02	6.147250e+02	4.805121e+00
206	1.489640e+07	3.409607e-01	1.986610e+09	6.147248e+02	6.084236e+02	6.147248e+02	4.806244e+00
207	1.489637e+07	3.426158e-01	1.986610e+09	6.147246e+02	6.084529e+02	6.147246e+02	4.807368e+00
208	1.489634e+07	3.442709e-01	1.986610e+09	6.147244e+02	6.084822e+02	6.147244e+02	4.808491e+00
209	1.489630e+07	3.459261e-01	1.986610e+09	6.147242e+02	6.085115e+02	6.147242e+02	4.809614e+00
210	1.489627e+07	3.475813e-01	1.986610e+09	6.147241e+02	6.085408e+02	6.147241e+02	4.810737e+00
211	1.489623e+07	3.492364e-01	1.986610e+09	6.147239e+02	6.085700e+02	6.147239e+02	4.811860e+00
212	1.489620e+07	3.508916e-01	1.986610e+09	6.147237e+02	6.085993e+02	6.147237e+02	4.812983e+00
213	1.489616e+07	3.525467e-01	1.986610e+09	6.147235e+02	6.086286e+02	6.147235e+02	4.814106e+00
214	1.489613e+07	3.542019e-01	1.986610e+09	6.147233e+02	6.086578e+02	6.147233e+02	4.815229e+00
215	1.489609e+07	3.558570e-01	1.986610e+09	6.147231e+02	6.086871e+02	6.147231e+02	4.816352e+00
216	1.489606e+07	3.575121e-01	1.986610e+09	6.147230e+02	6.087164e+02	6.147230e+02	4.817476e+00
217	1.489603e+07	3.591673e-01	1.986610e+09	6.147228e+02	6.087457e+02	6.147228e+02	4.818599e+00
218	1.489599e+07	3.608224e-01	1.986610e+09	6.147226e+02	6.087749e+02	6.147226e+02	4.819722e+00
219	1.489596e+07	3.624776e-01	1.986610e+09	6.147224e+02	6.088042e+02	6.147224e+02	4.820845e+00
220	1.489592e+07	3.641327e-01	1.986610e+09	6.147222e+02	6.088335e+02	6.147222e+02	4.821968e+00
221	1.489589e+07	3.657879e-01	1.986610e+09	6.147220e+02	6.088627e+02	6.147220e+02	4.823091e+00
222	1.489585e+07	3.674431e-01	1.986610e+09	6.147219e+02	6.088920e+02	6.147219e+02	4.824214e+00
223	1.489582e+07	3.690982e-01	1.986610e+09	6.147217e+02	6.089213e+02	6.147217e+02	4.825337e+00
224	1.489578e+07	3.707533e-01	1.986610e+09	6.147215e+02	6.089506e+02	6.147215e+02	4.826460e+00
225	1.489575e+07	3.724085e-01	1.986610e+09	6.147213e+02	6.089798e+02	6.147213e+02	4.827584e+00
226	1.489572e+07	3.740636e-01	1.986610e+09	6.147211e+02	6.090091e+02	6.147211e+02	4.828707e+00
227	1.489568e+07	3.757188e-01	1.986610e+09	6.147209e+02	6.090384e+02	6.147209e+02	4.829830e+00
228	1.489565e+07	3.773739e-01	1.986610e+09	6.147208e+02	6.090676e+02	6.147208e+02	4.830953e+00
229	1.489561e+07	3.790291e-01	1.986610e+09	6.147206e+02	6.090969e+02	6.147206e+02	4.832076e+00
230	1.489558e+07	3.806842e-01	1.986610e+09	6.147204e+02	6.091262e+02	6.147204e+02	4.833199e+00
231	1.489554e+07	3.823394e-01	1.986610e+09	6.147202e+02	6.091555e+02	6.147202e+02	4.834322e+00
232	1.489551e+07	3.839945e-01	1.986610e+09	6.147200e+02	6.091847e+02	6.147200e+02	4.835445e+00
233	1.489548e+07	3.856497e-01	1.986610e+09	6.147198e+02	6.092140e+02	6.147198e+02	4.836568e+00
234	1.489544e+07	3.873048e-01	1.986610e+09	6.147197e+02	6.092433e+02	6.147197e+02	4.837691e+00
235	1.489541e+07	3.889600e-01	1.986610e+09	6.147195e+02	6.092725e+02	6.147195e+02	4.838815e+00
236	1.489537e+07	3.906151e-01	1.986610e+09	6.147193e+02	6.093018e+02	6.147193e+02	4.839938e+00
237	1.489534e+07	3.922703e-01	1.986610e+09	6.147191e+02	6.093311e+02	6.147191e+02	4.841061e+00
238	1.489530e+07	3.939254e-01	1.986610e+09	6.147189e+02	6.093604e+02	6.147189e+02	4.842184e+00
239	1.489527e+07	3.955806e-01	1.986610e+09	6.147188e+02	6.093896e+02	6.147188e+02	4.843307e+00
240	1.489524e+07	3.972357e-01	1.986610e+09	6.147186e+02	6.094189e+02	6.147186e+02	4.844430e+00
241	1.489520e+07	3.988909e-01	1.986610e+09	6.147184e+02	6.094482e+02	6.147184e+02	4.845553e+00
242	1.489517e+07	4.005460e-01	1.986610e+09	6.147182e+02	6.094774e+02	6.147182e+02	4.846676e+00
243	1.489513e+07	4.022012e-01	1.986610e+09	6.147180e+02	6.095067e+02	6.147180e+02	4.847799e+00
244	1.489510e+07	4.038563e-01	1.986610e+09	6.147178e+02	6.095359e+02	6.147178e+02	4.848923e+00
245	1.489506e+07	4.055115e-01	1.986610e+09	6.147177e+02	6.095652e+02	6.147177e+02	4.850046e+00
246	1.489503e+07	4.071666e-01	1.986610e+09	6.147175e+02	6.095945e+02	6.147175e+02	4.851169e+00
247	1.489500e+07	4.088218e-01	1.986610e+09	6.147173e+02	6.096238e+02	6.147173e+02	4.852292e+00
248	1.489496e+07	4.104769e-01	1.986610e+09	6.147171e+02	6.096531e+02	6.147171e+02	4.853415e+00
249	1.489492e+07	4.121321e-01	1.986610e+09	6.147169e+02	6.096789e+02	6.147169e+02	4.855113e+00
250	1.489488e+07	4.137872e-01	1.986610e+09	6.147167e+02	6.097031e+02	6.147167e+02	4.857104e+00
251	1.489484e+07	4.154424e-01	1.986610e+09	6.147164e+02	6.097272e+02	6.147165e+02	4.859096e+00
252	1.489479e+07	4.170975e-01	1.986610e+09	6.147162e+02	6.097513e+02	6.147163e+02	4.861088e+00
253	1.489475e+07	4.187527e-01	1.986610e+09	6.147159e+02	6.097754e+02	6.147161e+02	4.863080e+00
254	1.489471e+07	4.204078e-01	1.986610e+09	6.147157e+02	6.097996e+02	6.147159e+02	4.865071e+00
255	1.489466e+07	4.220630e-01	1.986610e+09	6.147155e+02	6.098237e+02	6.147157e+02	4.867063e+00
256	1.489462e+07	4.237181e-01	1.986610e+09	6.147153e+02	6.098478e+02	6.147155e+02	4.869054e+00
257	1.489458e+07	4.253733e-01	1.986610e+09	6.147150e+02	6.098719e+02	6.147153e+02	4.871046e+00
258	1.489453e+07	4.270284e-01	1.986610e+09	6.147148e+02	6.098961e+02	6.147151e+02	4.873038e+00
259	1.489449e+07	4.286835e-01	1.986610e+09	6.147145e+02	6.099202e+02	6.147149e+02	4.875030e+00
260	1.489445e+07	4.303387e-01	1.986610e+09	6.147144e+02	6.099443e+02	6.147147e+02	4.877021e+00
261	1.489440e+07	4.319938e-01	1.986610e+09	6.147141e+02	6.099684e+02	6.147145e+02	4.879013e+00
262	1.489436e+07	4.336490e-01	1.986610e+09	6.147139e+02	6.099926e+02	6.147143e+02	4.881004e+00
263	1.489432e+07	4.353042e-01	1.986610e+09	6.147136e+02	6.100167e+02	6.147141e+02	4.882996e+00
264	1.489428e+07	4.369593e-01	1.986610e+09	6.147134e+02	6.100408e+02	6.147139e+02	4.884988e+00
265	1.489423e+07	4.386145e-01	1.986610e+09	6.147132e+02	6.100649e+02	6.147137e+02	4.886980e+00
266	1.489419e+07	4.402696e-01	1.986610e+09	6.147130e+02	6.100891e+02	6.147135e+02	4.888971e+00
267	1.489415e+07	4.419248e-01	1.986610e+09	6.147127e+02	6.101132e+02	6.147133e+02	4.890963e+00
268	1.489410e+07	4.435799e-01	1.986610e+09	6.147125e+02	6.101373e+02	6.147131e+02	4.892954e+00
269	1.489406e+07	4.452350e-01	1.986610e+09	6.147122e+02	6.101614e+02	6.147129e+02	4.894946e+00
270	1.489402e+07	4.468902e-01	1.986610e+09	6.147120e+02	6.101855e+02	6.147127e+02	4.896938e+00
271	1.489397e+07	4.485453e-01	1.986610e+09	6.147118e+02	6.102097e+02	6.147125e+02	4.898930e+00
272	1.489393e+07	4.502005e-01	1.986610e+09	6.147115e+02	6.102338e+02	6.147123e+02	4.900921e+00
273	1.489389e+07	4.518556e-01	1.986610e+09	6.147113e+02	6.102579e+02	6.147121e+02	4.902913e+00
274	1.489384e+07	4.535108e-01	1.986610e+09	6.147111e+02	6.102820e+02	6.147119e+02	4.904904e+00
275	1.489380e+07	4.551660e-01	1.986610e+09	6.147109e+02	6.103062e+02	6.147117e+02	4.906896e+00
276	1.489376e+07	4.568211e-01	1.986610e+09	6.147106e+02	6.103303e+02	6.147115e+02	4.908888e+00
277	1.489372e+07	4.584762e-01	1.986610e+09	6.147104e+02	6.103544e+02	6.147113e+02	4.910880e+00
278	1.489367e+07	4.601314e-01	1.986610e+09	6.147101e+02	6.103785e+02	6.147111e+02	4.912871e+00
279	1.489363e+07	4.617865e-01	1.986610e+09	6.147099e+02	6.104026e+02	6.147109e+02	4.914863e+00
280	1.489358e+07	4.634417e-01	1.986610e+09	6.147097e+02	6.104268e+02	6.147107e+02	4.916854e+00
281	1.489354e+07	4.650968e-01	1.986610e+09	6.147095e+02	6.104509e+02	6.147105e+02	4.918846e+00
282	1.489350e+07	4.667520e-01	1.986610e+09	6.147092e+02	6.104750e+02	6.147103e+02	4.920838e+00
283	1.489346e+07	4.684071e-01	1.986610e+09	6.147090e+02	6.104991e+02	6.147101e+02	4.922830e+00
284	1.489341e+07	4.700623e-01	1.986610e+09	6.147088e+02	6.105233e+02	6.147099e+02	4.924821e+00
285	1.489337e+07	4.717174e-01	1.986610e+09	6.147086e+02	6.105474e+02	6.147097e+02	4.926813e+00
286	1.489333e+07	4.733726e-01	1.986610e+09	6.147083e+02	6.105715e+02	6.147095e+02	4.928804e+00
287	1.489328e+07	4.750277e-01	1.986610e+09	6.147081e+02	6.105956e+02	6.147093e+02	4.930796e+00
288	1.489324e+07	4.766829e-01	1.986610e+09	6.147078e+02	6.106198e+02	6.147091e+02	4.932788e+00
289	1.489320e+07	4.783380e-01	1.986610e+09	6.147076e+02	6.106439e+02	6.147089e+02	4.934780e+00
290	1.489315e+07	4.799932e-01	1.986610e+09	6.147074e+02	6.106680e+02	6.147087e+02	4.936771e+00
291	1.489311e+07	4.816483e-01	1.986610e+09	6.147072e+02	6.106921e+02	6.147085e+02	4.938763e+00
292	1.489307e+07	4.833035e-01	1.986610e+09	6.147069e+02	6.107162e+02	6.147083e+02	4.940754e+00
293	1.489302e+07	4.849586e-01	1.986610e+09	6.147067e+02	6.107404e+02	6.147081e+02	4.942746e+00
294	1.489298e+07	4.866138e-01	1.986610e+09	6.147065e+02	6.107645e+02	6.147079e+02	4.944738e+00
295	1.489294e+07	4.882689e-01	1.986610e+09	6.147062e+02	6.107886e+02	6.147077e+02	4.946729e+00
296	1.489290e+07	4.899241e-01	1.986610e+09	6.147060e+02	6.108127e+02	6.147075e+02	4.948721e+00
297	1.489285e+07	4.915792e-01	1.986610e+09	6.147057e+02	6.108369e+02	6.147073e+02	4.950713e+00
298	1.489281e+07	4.932344e-01	1.986610e+09	6.147055e+02	6.108610e+02	6.147071e+02	4.952704e+00
299	1.489277e+07	4.948895e-01	1.986610e+09	6.147053e+02	6.108851e+02	6.147068e+02	4.954696e+00
300	1.489272e+07	4.965447e-01	1.986610e+09	6.147051e+02	6.109092e+02	6.147067e+02	4.956688e+00
301	1.489268e+07	4.981998e-01	1.986610e+09	6.147048e+02	6.109333e+02	6.147065e+02	4.958679e+00
302	1.489264e+07	4.998550e-01	1.986610e+09	6.147046e+02	6.109575e+02	6.147063e+02	4.960671e+00
303	1.489259e+07	5.015101e-01	1.986610e+09	6.147043e+02	6.109816e+02	6.147061e+02	4.962663e+00
304	1.489255e+07	5.031653e-01	1.986610e+09	6.147042e+02	6.110057e+02	6.147059e+02	4.964654e+00
305	1.489251e+07	5.048204e-01	1.986610e+09	6.147039e+02	6.110298e+02	6.147057e+02	4.966646e+00
306	1.489246e+07	5.064756e-01	1.986610e+09	6.147037e+02	6.110540e+02	6.147054e+02	4.968638e+00
307	1.489242e+07	5.081307e-01	1.986610e+09	6.147034e+02	6.110781e+02	6.147053e+02	4.970629e+00
308	1.489238e+07	5.097859e-01	1.986610e+09	6.147032e+02	6.111022e+02	6.147051e+02	4.972621e+00
309	1.489234e+07	5.114410e-01	1.986610e+09	6.147030e+02	6.111263e+02	6.147049e+02	4.974613e+00
310	1.489229e+07	5.130962e-01	1.986610e+09	6.147028e+02	6.111505e+02	6.147047e+02	4.976604e+00
311	1.489225e+07	5.147513e-01	1.986610e+09	6.147025e+02	6.111744e+02	6.147045e+02	4.978620e+00
312	1.489219e+07	5.164065e-01	1.986610e+09	6.147022e+02	6.111932e+02	6.147042e+02	4.981626e+00
313	1.489213e+07	5.180616e-01	1.986610e+09	6.147018e+02	6.112120e+02	6.147040e+02	4.984632e+00
314	1.489207e+07	5.197168e-01	1.986610e+09	6.147015e+02	6.112307e+02	6.147038e+02	4.987638e+00
315	1.489201e+07	5.213719e-01	1.986610e+09	6.147012e+02	6.112495e+02	6.147036e+02	4.990644e+00
316	1.489194e+07	5.230271e-01	1.986610e+09	6.147009e+02	6.112682e+02	6.147033e+02	4.993650e+00
317	1.489188e+07	5.246822e-01	1.986610e+09	6.147006e+02	6.112870e+02	6.147031e+02	4.996656e+00
318	1.489182e+07	5.263374e-01	1.986610e+09	6.147002e+02	6.113057e+02	6.147028e+02	4.999662e+00
319	1.489176e+07	5.279925e-01	1.986610e+09	6.146999e+02	6.113245e+02	6.147026e+02	5.002669e+00
320	1.489170e+07	5.296476e-01	1.986610e+09	6.146996e+02	6.113433e+02	6.147024e+02	5.005675e+00
321	1.489164e+07	5.313028e-01	1.986610e+09	6.146992e+02	6.113620e+02	6.147021e+02	5.008681e+00
322	1.489158e+07	5.329580e-01	1.986610e+09	6.146989e+02	6.113808e+02	6.147019e+02	5.011687e+00
323	1.489152e+07	5.346131e-01	1.986610e+09	6.146986e+02	6.113995e+02	6.147017e+02	5.014693e+00
324	1.489146e+07	5.362683e-01	1.986610e+09	6.146982e+02	6.114183e+02	6.147015e+02	5.017699e+00
325	1.489140e+07	5.379234e-01	1.986610e+09	6.146979e+02	6.114371e+02	6.147012e+02	5.020706e+00
326	1.489134e+07	5.395786e-01	1.986610e+09	6.146976e+02	6.114558e+02	6.147010e+02	5.023712e+00
327	1.489128e+07	5.412337e-01	1.986610e+09	6.146973e+02	6.114745e+02	6.147007e+02	5.026718e+00
328	1.489122e+07	5.428889e-01	1.986610e+09	6.146970e+02	6.114933e+02	6.147006e+02	5.029724e+00
329	1.489116e+07	5.445440e-01	1.986610e+09	6.146966e+02	6.115121e+02	6.147003e+02	5.032730e+00
330	1.489110e+07	5.461991e-01	1.986610e+09	6.146963e+02	6.115308e+02	6.147001e+02	5.035736e+00
331	1.489104e+07	5.478543e-01	1.986610e+09	6.146960e+02	6.115496e+02	6.146998e+02	5.038743e+00
332	1.489098e+07	5.495095e-01	1.986610e+09	6.146956e+02	6.115684e+02	6.146996e+02	5.041749e+00
333	1.489091e+07	5.511646e-01	1.986610e+09	6.146953e+02	6.115871e+02	6.146994e+02	5.044755e+00
334	1.489085e+07	5.528198e-01	1.986610e+09	6.146950e+02	6.116059e+02	6.146992e+02	5.047761e+00
335	1.489079e+07	5.544749e-01	1.986610e+09	6.146946e+02	6.116246e+02	6.146989e+02	5.050767e+00
336	1.489073e+07	5.561301e-01	1.986610e+09	6.146943e+02	6.116434e+02	6.146987e+02	5.053773e+00
337	1.489067e+07	5.577852e-01	1.986610e+09	6.146940e+02	6.116622e+02	6.146985e+02	5.056779e+00
338	1.489061e+07	5.594404e-01	1.986610e+09	6.146937e+02	6.116809e+02	6.146982e+02	5.059785e+00
339	1.489055e+07	5.610955e-01	1.986610e+09	6.146934e+02	6.116996e+02	6.146980e+02	5.062791e+00
340	1.489049e+07	5.627506e-01	1.986610e+09	6.146930e+02	6.117184e+02	6.146978e+02	5.065798e+00
341	1.489043e+07	5.644058e-01	1.986610e+09	6.146927e+02	6.117372e+02	6.146975e+02	5.068804e+00
342	1.489037e+07	5.660610e-01	1.986610e+09	6.146924e+02	6.117560e+02	6.146973e+02	5.071810e+00
343	1.489031e+07	5.677161e-01	1.986610e+09	6.146920e+02	6.117747e+02	6.146971e+02	5.074816e+00
344	1.489025e+07	5.693712e-01	1.986610e+09	6.146917e+02	6.117935e+02	6.146968e+02	5.077822e+00
345	1.489019e+07	5.710264e-01	1.986610e+09	6.146913e+02	6.118123e+02	6.146966e+02	5.080828e+00
346	1.489012e+07	5.726815e-01	1.986610e+09	6.146910e+02	6.118310e+02	6.146964e+02	5.083835e+00
347	1.489006e+07	5.743366e-01	1.986610e+09	6.146907e+02	6.118497e+02	6.146962e+02	5.086841e+00
348	1.489000e+07	5.759919e-01	1.986610e+09	6.146904e+02	6.118685e+02	6.146959e+02	5.089847e+00
349	1.488994e+07	5.776470e-01	1.986610e+09	6.146901e+02	6.118873e+02	6.146957e+02	5.092853e+00
350	1.488988e+07	5.793021e-01	1.986610e+09	6.146898e+02	6.119060e+02	6.146954e+02	5.095859e+00
351	1.488982e+07	5.809572e-01	1.986610e+09	6.146894e+02	6.119248e+02	6.146953e+02	5.098865e+00
352	1.488976e+07	5.826125e-01	1.986610e+09	6.146891e+02	6.119435e+02	6.146950e+02	5.101871e+00
353	1.488970e+07	5.842676e-01	1.986610e+09	6.146888e+02	6.119623e+02	6.146948e+02	5.104877e+00
354	1.488964e+07	5.859227e-01	1.986610e+09	6.146884e+02	6.119811e+02	6.146945e+02	5.107883e+00
355	1.488958e+07	5.875779e-01	1.986610e+09	6.146881e+02	6.119998e+02	6.146943e+02	5.110890e+00
356	1.488952e+07	5.892330e-01	1.986610e+09	6.146877e+02	6.120186e+02	6.146941e+02	5.113896e+00
357	1.488946e+07	5.908881e-01	1.986610e+09	6.146874e+02	6.120374e+02	6.146938e+02	5.116902e+00
358	1.488940e+07	5.925434e-01	1.986610e+09	6.146871e+02	6.120561e+02	6.146936e+02	5.119908e+00
359	1.488934e+07	5.941985e-01	1.986610e+09	6.146868e+02	6.120748e+02	6.146934e+02	5.122914e+00
360	1.488928e+07	5.958536e-01	1.986610e+09	6.146865e+02	6.120936e+02	6.146932e+02	5.125920e+00
361	1.488922e+07	5.975087e-01	1.986610e+09	6.146862e+02	6.121124e+02	6.146929e+02	5.128927e+00
362	1.488916e+07	5.991639e-01	1.986610e+09	6.146858e+02	6.121311e+02	6.146927e+02	5.131933e+00
363	1.488909e+07	6.008191e-01	1.986610e+09	6.146855e+02	6.121499e+02	6.146924e+02	5.134939e+00
364	1.488903e+07	6.024742e-01	1.986610e+09	6.146852e+02	6.121686e+02	6.146922e+02	5.137945e+00
365	1.488897e+07	6.041294e-01	1.986610e+09	6.146848e+02	6.121874e+02	6.146920e+02	5.140951e+00
366	1.488891e+07	6.057845e-01	1.986610e+09	6.146845e+02	6.122062e+02	6.146918e+02	5.143958e+00
367	1.488885e+07	6.074396e-01	1.986610e+09	6.146841e+02	6.122249e+02	6.146915e+02	5.146964e+00
368	1.488879e+07	6.090947e-01	1.986610e+09	6.146838e+02	6.122437e+02	6.146913e+02	5.149970e+00
369	1.488873e+07	6.107500e-01	1.986610e+09	6.146835e+02	6.122625e+02	6.146910e+02	5.152976e+00
370	1.488867e+07	6.124051e-01	1.986610e+09	6.146832e+02	6.122812e+02	6.146909e+02	5.155982e+00
371	1.488861e+07	6.140602e-01	1.986610e+09	6.146829e+02	6.122999e+02	6.146906e+02	5.158988e+00
372	1.488855e+07	6.157154e-01	1.986610e+09	6.146826e+02	6.123187e+02	6.146904e+02	5.161994e+00
373	1.488849e+07	6.173705e-01	1.986610e+09	6.146822e+02	6.123375e+02	6.146901e+02	5.165000e+00
374	1.488842e+07	6.190256e-01	1.986610e+09	6.146818e+02	6.123544e+02	6.146899e+02	5.168288e+00
375	1.488833e+07	6.206809e-01	1.986610e+09	6.146814e+02	6.123687e+02	6.146896e+02	5.172025e+00
376	1.488825e+07	6.223360e-01	1.986610e+09	6.146809e+02	6.123828e+02	6.146893e+02	5.175763e+00
377	1.488816e+07	6.239911e-01	1.986610e+09	6.146805e+02	6.123970e+02	6.146890e+02	5.179500e+00
378	1.488808e+07	6.256462e-01	1.986610e+09	6.146800e+02	6.124112e+02	6.146887e+02	5.183238e+00
379	1.488799e+07	6.273015e-01	1.986610e+09	6.146796e+02	6.124254e+02	6.146884e+02	5.186975e+00
380	1.488790e+07	6.289566e-01	1.986610e+09	6.146791e+02	6.124396e+02	6.146880e+02	5.190713e+00
381	1.488782e+07	6.306117e-01	1.986610e+09	6.146786e+02	6.124537e+02	6.146877e+02	5.194450e+00
382	1.488773e+07	6.322669e-01	1.986610e+09	6.146782e+02	6.124680e+02	6.146874e+02	5.198188e+00
383	1.488765e+07	6.339220e-01	1.986610e+09	6.146777e+02	6.124821e+02	6.146871e+02	5.201925e+00
384	1.488756e+07	6.355771e-01	1.986610e+09	6.146773e+02	6.124963e+02	6.146868e+02	5.205663e+00
385	1.488748e+07	6.372323e-01	1.986610e+09	6.146768e+02	6.125105e+02	6.146865e+02	5.209400e+00
386	1.488739e+07	6.388875e-01	1.986610e+09	6.146764e+02	6.125247e+02	6.146863e+02	5.213138e+00
387	1.488731e+07	6.405426e-01	1.986610e+09	6.146759e+02	6.125389e+02	6.146860e+02	5.216875e+00
388	1.488722e+07	6.421977e-01	1.986610e+09	6.146755e+02	6.125530e+02	6.146857e+02	5.220613e+00
389	1.488714e+07	6.438529e-01	1.986610e+09	6.146750e+02	6.125672e+02	6.146854e+02	5.224350e+00
390	1.488705e+07	6.455081e-01	1.986610e+09	6.146746e+02	6.125814e+02	6.146851e+02	5.228087e+00
391	1.488696e+07	6.471632e-01	1.986610e+09	6.146741e+02	6.125956e+02	6.146848e+02	5.231825e+00
392	1.488688e+07	6.488183e-01	1.986610e+09	6.146736e+02	6.126098e+02	6.146844e+02	5.235562e+00
393	1.488679e+07	6.504735e-01	1.986610e+09	6.146732e+02	6.126240e+02	6.146841e+02	5.239300e+00
394	1.488671e+07	6.521286e-01	1.986610e+09	6.146727e+02	6.126381e+02	6.146838e+02	5.243037e+00
395	1.488662e+07	6.537838e-01	1.986610e+09	6.146723e+02	6.126523e+02	6.146835e+02	5.246775e+00
396	1.488654e+07	6.554390e-01	1.986610e+09	6.146718e+02	6.126665e+02	6.146832e+02	5.250513e+00
397	1.488645e+07	6.570941e-01	1.986610e+09	6.146714e+02	6.126807e+02	6.146829e+02	5.254250e+00
398	1.488637e+07	6.587492e-01	1.986610e+09	6.146709e+02	6.126949e+02	6.146826e+02	5.257987e+00
399	1.488628e+07	6.604044e-01	1.986610e+09	6.146705e+02	6.127090e+02	6.146823e+02	5.261725e+00
400	1.488620e+07	6.620595e-01	1.986610e+09	6.146700e+02	6.127233e+02	6.146820e+02	5.265462e+00
401	1.488611e+07	6.637147e-01	1.986610e+09	6.146696e+02	6.127374e+02	6.146817e+02	5.269200e+00
402	1.488603e+07	6.653698e-01	1.986610e+09	6.146691e+02	6.127516e+02	6.146814e+02	5.272937e+00
403	1.488594e+07	6.670250e-01	1.986610e+09	6.146686e+02	6.127658e+02	6.146811e+02	5.276675e+00
404	1.488586e+07	6.686801e-01	1.986610e+09	6.146682e+02	6.127800e+02	6.146808e+02	5.280412e+00
405	1.488577e+07	6.703353e-01	1.986610e+09	6.146677e+02	6.127942e+02	6.146805e+02	5.284150e+00
406	1.488568e+07	6.719905e-01	1.986610e+09	6.146673e+02	6.128083e+02	6.146802e+02	5.287887e+00
407	1.488560e+07	6.736456e-01	1.986610e+09	6.146668e+02	6.128226e+02	6.146799e+02	5.291625e+00
408	1.488551e+07	6.753007e-01	1.986610e+09	6.146664e+02	6.128367e+02	6.146796e+02	5.295362e+00
409	1.488543e+07	6.769559e-01	1.986610e+09	6.146659e+02	6.128509e+02	6.146793e+02	5.299099e+00
410	1.488534e+07	6.786110e-01	1.986610e+09	6.146655e+02	6.128651e+02	6.146790e+02	5.302837e+00
411	1.488526e+07	6.802662e-01	1.986610e+09	6.146650e+02	6.128793e+02	6.146786e+02	5.306574e+00
412	1.488517e+07	6.819213e-01	1.986610e+09	6.146646e+02	6.128934e+02	6.146783e+02	5.310312e+00
413	1.488509e+07	6.835765e-01	1.986610e+09	6.146641e+02	6.129077e+02	6.146780e+02	5.314050e+00
414	1.488500e+07	6.852316e-01	1.986610e+09	6.146636e+02	6.129218e+02	6.146777e+02	5.317787e+00
415	1.488492e+07	6.868868e-01	1.986610e+09	6.146631e+02	6.129360e+02	6.146775e+02	5.321525e+00
416	1.488483e+07	6.885419e-01	1.986610e+09	6.146627e+02	6.129502e+02	6.146772e+02	5.325262e+00
417	1.488474e+07	6.901971e-01	1.986610e+09	6.146623e+02	6.129644e+02	6.146769e+02	5.329000e+00
418	1.488466e+07	6.918522e-01	1.986610e+09	6.146618e+02	6.129786e+02	6.146766e+02	5.332737e+00
419	1.488457e+07	6.935074e-01	1.986610e+09	6.146614e+02	6.129927e+02	6.146763e+02	5.336474e+00
420	1.488449e+07	6.951625e-01	1.986610e+09	6.146609e+02	6.130070e+02	6.146760e+02	5.340212e+00
421	1.488440e+07	6.968177e-01	1.986610e+09	6.146605e+02	6.130211e+02	6.146757e+02	5.343949e+00
422	1.488432e+07	6.984728e-01	1.986610e+09	6.146600e+02	6.130353e+02	6.146754e+02	5.347687e+00
423	1.488423e+07	7.001280e-01	1.986610e+09	6.146595e+02	6.130495e+02	6.146750e+02	5.351424e+00
424	1.488415e+07	7.017831e-01	1.986610e+09	6.146591e+02	6.130637e+02	6.146747e+02	5.355162e+00
425	1.488406e+07	7.034383e-01	1.986610e+09	6.146586e+02	6.130779e+02	6.146744e+02	5.358899e+00
426	1.488398e+07	7.050934e-01	1.986610e+09	6.146581e+02	6.130920e+02	6.146741e+02	5.362637e+00
427	1.488389e+07	7.067486e-01	1.986610e+09	6.146577e+02	6.131062e+02	6.146738e+02	5.366374e+00
428	1.488380e+07	7.084037e-01	1.986610e+09	6.146573e+02	6.131204e+02	6.146735e+02	5.370111e+00
429	1.488372e+07	7.100589e-01	1.986610e+09	6.146568e+02	6.131346e+02	6.146732e+02	5.373849e+00
430	1.488363e+07	7.117140e-01	1.986610e+09	6.146564e+02	6.131488e+02	6.146729e+02	5.377587e+00
431	1.488355e+07	7.133692e-01	1.986610e+09	6.146559e+02	6.131630e+02	6.146726e+02	5.381324e+00
432	1.488346e+07	7.150243e-01	1.986610e+09	6.146555e+02	6.131771e+02	6.146723e+02	5.385062e+00
433	1.488338e+07	7.166795e-01	1.986610e+09	6.146550e+02	6.131913e+02	6.146720e+02	5.388799e+00
434	1.488329e+07	7.183346e-01	1.986610e+09	6.146545e+02	6.132055e+02	6.146717e+02	5.392537e+00
435	1.488321e+07	7.199898e-01	1.986610e+09	6.146541e+02	6.132197e+02	6.146714e+02	5.396274e+00
436	1.488312e+07	7.216449e-01	1.986610e+09	6.146536e+02	6.132339e+02	6.146711e+02	5.400012e+00
437	1.488301e+07	7.233001e-01	1.986610e+09	6.146530e+02	6.132449e+02	6.146707e+02	5.404055e+00
438	1.488290e+07	7.249552e-01	1.986610e+09	6.146524e+02	6.132549e+02	6.146703e+02	5.408203e+00
439	1.488278e+07	7.266104e-01	1.986610e+09	6.146518e+02	6.132650e+02	6.146699e+02	5.412350e+00
440	1.488267e+07	7.282655e-01	1.986610e+09	6.146512e+02	6.132749e+02	6.146695e+02	5.416497e+00
441	1.488255e+07	7.299207e-01	1.986610e+09	6.146506e+02	6.132849e+02	6.146691e+02	5.420645e+00
442	1.488244e+07	7.315758e-01	1.986610e+09	6.146499e+02	6.132949e+02	6.146687e+02	5.424793e+00
443	1.488232e+07	7.332309e-01	1.986610e+09	6.146493e+02	6.133049e+02	6.146683e+02	5.428940e+00
444	1.488220e+07	7.348861e-01	1.986610e+09	6.146487e+02	6.133149e+02	6.146679e+02	5.433088e+00
445	1.488209e+07	7.365413e-01	1.986610e+09	6.146481e+02	6.133249e+02	6.146675e+02	5.437235e+00
446	1.488197e+07	7.381964e-01	1.986610e+09	6.146475e+02	6.133349e+02	6.146671e+02	5.441383e+00
447	1.488186e+07	7.398516e-01	1.986610e+09	6.146468e+02	6.133449e+02	6.146667e+02	5.445530e+00
448	1.488174e+07	7.415067e-01	1.986610e+09	6.146462e+02	6.133549e+02	6.146663e+02	5.449678e+00
449	1.488162e+07	7.431619e-01	1.986610e+09	6.146456e+02	6.133649e+02	6.146660e+02	5.453825e+00
450	1.488151e+07	7.448170e-01	1.986610e+09	6.146450e+02	6.133749e+02	6.146655e+02	5.457973e+00
451	1.488139e+07	7.464722e-01	1.986610e+09	6.146443e+02	6.133849e+02	6.146651e+02	5.462121e+00
452	1.488128e+07	7.481273e-01	1.986610e+09	6.146437e+02	6.133948e+02	6.146647e+02	5.466268e+00
453	1.488116e+07	7.497824e-01	1.986610e+09	6.146431e+02	6.134048e+02	6.146643e+02	5.470416e+00
454	1.488105e+07	7.514376e-01	1.986610e+09	6.146425e+02	6.134149e+02	6.146639e+02	5.474563e+00
455	1.488093e+07	7.530928e-01	1.986610e+09	6.146418e+02	6.134249e+02	6.146635e+02	5.478711e+00
456	1.488082e+07	7.547479e-01	1.986610e+09	6.146412e+02	6.134348e+02	6.146631e+02	5.482858e+00
457	1.488070e+07	7.564030e-01	1.986610e+09	6.146406e+02	6.134448e+02	6.146627e+02	5.487006e+00
458	1.488058e+07	7.580582e-01	1.986610e+09	6.146400e+02	6.134548e+02	6.146624e+02	5.491153e+00
459	1.488047e+07	7.597134e-01	1.986610e+09	6.146393e+02	6.134648e+02	6.146619e+02	5.495301e+00
460	1.488035e+07	7.613685e-01	1.986610e+09	6.146387e+02	6.134748e+02	6.146616e+02	5.499448e+00
461	1.488024e+07	7.630237e-01	1.986610e+09	6.146381e+02	6.134848e+02	6.146611e+02	5.503596e+00
462	1.488012e+07	7.646788e-01	1.986610e+09	6.146375e+02	6.134948e+02	6.146607e+02	5.507743e+00
463	1.488000e+07	7.663339e-01	1.986610e+09	6.146368e+02	6.135048e+02	6.146603e+02	5.511891e+00
464	1.487989e+07	7.679890e-01	1.986610e+09	6.146362e+02	6.135148e+02	6.146599e+02	5.516038e+00
465	1.487977e+07	7.696443e-01	1.986610e+09	6.146356e+02	6.135248e+02	6.146595e+02	5.520186e+00
466	1.487966e+07	7.712994e-01	1.986610e+09	6.146350e+02	6.135348e+02	6.146591e+02	5.524333e+00
467	1.487954e+07	7.729545e-01	1.986610e+09	6.146343e+02	6.135448e+02	6.146588e+02	5.528481e+00
468	1.487943e+07	7.746097e-01	1.986610e+09	6.146337e+02	6.135547e+02	6.146583e+02	5.532629e+00
469	1.487931e+07	7.762648e-01	1.986610e+09	6.146331e+02	6.135648e+02	6.146580e+02	5.536776e+00
470	1.487919e+07	7.779199e-01	1.986610e+09	6.146325e+02	6.135748e+02	6.146575e+02	5.540924e+00
471	1.487908e+07	7.795752e-01	1.986610e+09	6.146319e+02	6.135848e+02	6.146572e+02	5.545071e+00
472	1.487896e+07	7.812303e-01	1.986610e+09	6.146312e+02	6.135947e+02	6.146567e+02	5.549219e+00
473	1.487885e+07	7.828854e-01	1.986610e+09	6.146306e+02	6.136047e+02	6.146563e+02	5.553366e+00
474	1.487873e+07	7.845405e-01	1.986610e+09	6.146300e+02	6.136147e+02	6.146559e+02	5.557514e+00
475	1.487862e+07	7.861958e-01	1.986610e+09	6.146294e+02	6.136248e+02	6.146555e+02	5.561661e+00
476	1.487850e+07	7.878509e-01	1.986610e+09	6.146288e+02	6.136347e+02	6.146552e+02	5.565809e+00
477	1.487838e+07	7.895060e-01	1.986610e+09	6.146281e+02	6.136447e+02	6.146547e+02	5.569956e+00
478	1.487827e+07	7.911612e-01	1.986610e+09	6.146275e+02	6.136547e+02	6.146544e+02	5.574104e+00
479	1.487815e+07	7.928163e-01	1.986610e+09	6.146269e+02	6.136647e+02	6.146539e+02	5.578251e+00
480	1.487804e+07	7.944714e-01	1.986610e+09	6.146263e+02	6.136747e+02	6.146536e+02	5.582399e+00
481	1.487792e+07	7.961266e-01	1.986610e+09	6.146257e+02	6.136847e+02	6.146531e+02	5.586546e+00
482	1.487780e+07	7.977818e-01	1.986610e+09	6.146250e+02	6.136947e+02	6.146528e+02	5.590694e+00
483	1.487769e+07	7.994369e-01	1.986610e+09	6.146244e+02	6.137047e+02	6.146523e+02	5.594841e+00
484	1.487757e+07	8.010920e-01	1.986610e+09	6.146238e+02	6.137147e+02	6.146519e+02	5.598989e+00
485	1.487746e+07	8.027472e-01	1.986610e+09	6.146232e+02	6.137247e+02	6.146516e+02	5.603137e+00
486	1.487734e+07	8.044024e-01	1.986610e+09	6.146226e+02	6.137347e+02	6.146511e+02	5.607284e+00
487	1.487723e+07	8.060575e-01	1.986610e+09	6.146219e+02	6.137447e+02	6.146508e+02	5.611432e+00
488	1.487711e+07	8.077126e-01	1.986610e+09	6.146213e+02	6.137546e+02	6.146503e+02	5.615579e+00
489	1.487700e+07	8.093678e-01	1.986610e+09	6.146207e+02	6.137646e+02	6.146500e+02	5.619727e+00
490	1.487688e+07	8.110229e-01	1.986610e+09	6.146201e+02	6.137747e+02	6.146495e+02	5.623874e+00
491	1.487676e+07	8.126781e-01	1.986610e+09	6.146194e+02	6.137847e+02	6.146492e+02	5.628022e+00
492	1.487665e+07	8.143333e-01	1.986610e+09	6.146188e+02	6.137946e+02	6.146487e+02	5.632169e+00
493	1.487653e+07	8.159884e-01	1.986610e+09	6.146182e+02	6.138046e+02	6.146484e+02	5.636317e+00
494	1.487642e+07	8.176435e-01	1.986610e+09	6.146176e+02	6.138146e+02	6.146479e+02	5.640464e+00
495	1.487630e+07	8.192987e-01	1.986610e+09	6.146169e+02	6.138246e+02	6.146475e+02	5.644612e+00
496	1.487618e+07	8.209538e-01	1.986610e+09	6.146163e+02	6.138346e+02	6.146472e+02	5.648759e+00
497	1.487607e+07	8.226090e-01	1.986610e+09	6.146157e+02	6.138446e+02	6.146467e+02	5.652907e+00
498	1.487595e+07	8.242641e-01	1.986610e+09	6.146151e+02	6.138546e+02	6.146464e+02	5.657054e+00
499	1.487583e+07	8.259193e-01	1.986610e+09	6.146144e+02	6.138642e+02	6.146459e+02	5.661219e+00
500	1.487568e+07	8.275744e-01	1.986610e+09	6.146136e+02	6.138706e+02	6.146454e+02	5.665520e+00
501	1.487554e+07	8.292296e-01	1.986610e+09	6.146128e+02	6.138770e+02	6.146450e+02	5.669821e+00
502	1.487539e+07	8.308848e-01	1.986610e+09	6.146120e+02	6.138834e+02	6.146445e+02	5.674123e+00
503	1.487524e+07	8.325399e-01	1.986610e+09	6.146112e+02	6.138897e+02	6.146440e+02	5.678424e+00
504	1.487509e+07	8.341950e-01	1.986610e+09	6.146104e+02	6.138961e+02	6.146435e+02	5.682726e+00
505	1.487494e+07	8.358502e-01	1.986610e+09	6.146096e+02	6.139025e+02	6.146430e+02	5.687027e+00
506	1.487479e+07	8.375053e-01	1.986610e+09	6.146088e+02	6.139089e+02	6.146425e+02	5.691329e+00
507	1.487464e+07	8.391605e-01	1.986610e+09	6.146080e+02	6.139152e+02	6.146420e+02	5.695630e+00
508	1.487449e+07	8.408156e-01	1.986610e+09	6.146072e+02	6.139216e+02	6.146415e+02	5.699932e+00
509	1.487434e+07	8.424708e-01	1.986610e+09	6.146063e+02	6.139280e+02	6.146411e+02	5.704233e+00
510	1.487419e+07	8.441259e-01	1.986610e+09	6.146055e+02	6.139344e+02	6.146406e+02	5.708534e+00
511	1.487404e+07	8.457811e-01	1.986610e+09	6.146047e+02	6.139407e+02	6.146401e+02	5.712836e+00
512	1.487389e+07	8.474362e-01	1.986610e+09	6.146039e+02	6.139471e+02	6.146396e+02	5.717137e+00
513	1.487374e+07	8.490914e-01	1.986610e+09	6.146031e+02	6.139535e+02	6.146391e+02	5.721439e+00
514	1.487360e+07	8.507465e-01	1.986610e+09	6.146023e+02	6.139599e+02	6.146386e+02	5.725740e+00
515	1.487345e+07	8.524017e-01	1.986610e+09	6.146015e+02	6.139662e+02	6.146381e+02	5.730042e+00
516	1.487330e+07	8.540568e-01	1.986610e+09	6.146007e+02	6.139727e+02	6.146376e+02	5.734343e+00
517	1.487315e+07	8.557120e-01	1.986610e+09	6.145999e+02	6.139790e+02	6.146371e+02	5.738644e+00
518	1.487300e+07	8.573671e-01	1.986610e+09	6.145991e+02	6.139854e+02	6.146367e+02	5.742946e+00
519	1.487285e+07	8.590223e-01	1.986610e+09	6.145983e+02	6.139918e+02	6.146362e+02	5.747247e+00
520	1.487270e+07	8.606774e-01	1.986610e+09	6.145975e+02	6.139982e+02	6.146357e+02	5.751549e+00
521	1.487255e+07	8.623326e-01	1.986610e+09	6.145967e+02	6.140045e+02	6.146353e+02	5.755850e+00
522	1.487240e+07	8.639877e-01	1.986610e+09	6.145959e+02	6.140109e+02	6.146348e+02	5.760151e+00
523	1.487225e+07	8.656429e-01	1.986610e+09	6.145950e+02	6.140173e+02	6.146343e+02	5.764453e+00
524	1.487210e+07	8.672980e-01	1.986610e+09	6.145942e+02	6.140236e+02	6.146338e+02	5.768754e+00
525	1.487195e+07	8.689532e-01	1.986610e+09	6.145934e+02	6.140300e+02	6.146333e+02	5.773056e+00
526	1.487180e+07	8.706083e-01	1.986610e+09	6.145927e+02	6.140364e+02	6.146328e+02	5.777357e+00
527	1.487165e+07	8.722635e-01	1.986610e+09	6.145918e+02	6.140428e+02	6.146323e+02	5.781659e+00
528	1.487150e+07	8.739186e-01	1.986610e+09	6.145910e+02	6.140491e+02	6.146318e+02	5.785960e+00
529	1.487136e+07	8.755738e-01	1.986610e+09	6.145902e+02	6.140555e+02	6.146313e+02	5.790261e+00
530	1.487121e+07	8.772289e-01	1.986610e+09	6.145894e+02	6.140619e+02	6.146309e+02	5.794563e+00
531	1.487106e+07	8.788841e-01	1.986610e+09	6.145886e+02	6.140683e+02	6.146304e+02	5.798864e+00
532	1.487091e+07	8.805392e-01	1.986610e+09	6.145878e+02	6.140746e+02	6.146299e+02	5.803166e+00
533	1.487076e+07	8.821944e-01	1.986610e+09	6.145870e+02	6.140811e+02	6.146294e+02	5.807467e+00
534	1.487061e+07	8.838495e-01	1.986610e+09	6.145862e+02	6.140874e+02	6.146289e+02	5.811769e+00
535	1.487046e+07	8.855047e-01	1.986610e+09	6.145854e+02	6.140938e+02	6.146284e+02	5.816070e+00
536	1.487031e+07	8.871598e-01	1.986610e+09	6.145845e+02	6.141002e+02	6.146279e+02	5.820372e+00
537	1.487016e+07	8.888150e-01	1.986610e+09	6.145837e+02	6.141066e+02	6.146274e+02	5.824673e+00
538	1.487001e+07	8.904701e-01	1.986610e+09	6.145829e+02	6.141129e+02	6.146270e+02	5.828974e+00
539	1.486986e+07	8.921252e-01	1.986610e+09	6.145822e+02	6.141193e+02	6.146265e+02	5.833276e+00
540	1.486971e+07	8.937804e-01	1.986610e+09	6.145814e+02	6.141257e+02	6.146260e+02	5.837577e+00
541	1.486956e+07	8.954356e-01	1.986610e+09	6.145805e+02	6.141321e+02	6.146255e+02	5.841878e+00
542	1.486942e+07	8.970907e-01	1.986610e+09	6.145797e+02	6.141384e+02	6.146250e+02	5.846180e+00
543	1.486927e+07	8.987459e-01	1.986610e+09	6.145789e+02	6.141448e+02	6.146245e+02	5.850482e+00
544	1.486912e+07	9.004010e-01	1.986610e+09	6.145781e+02	6.141512e+02	6.146240e+02	5.854783e+00
545	1.486897e+07	9.020562e-01	1.986610e+09	6.145773e+02	6.141576e+02	6.146235e+02	5.859084e+00
546	1.486882e+07	9.037113e-01	1.986610e+09	6.145765e+02	6.141639e+02	6.146230e+02	5.863386e+00
547	1.486867e+07	9.053665e-01	1.986610e+09	6.145757e+02	6.141703e+02	6.146226e+02	5.867687e+00
548	1.486852e+07	9.070216e-01	1.986610e+09	6.145749e+02	6.141767e+02	6.146221e+02	5.871989e+00
549	1.486837e+07	9.086767e-01	1.986610e+09	6.145741e+02	6.141831e+02	6.146216e+02	5.876290e+00
550	1.486822e+07	9.103319e-01	1.986610e+09	6.145732e+02	6.141895e+02	6.146211e+02	5.880591e+00
551	1.486807e+07	9.119871e-01	1.986610e+09	6.145724e+02	6.141959e+02	6.146206e+02	5.884893e+00
552	1.486792e+07	9.136422e-01	1.986610e+09	6.145717e+02	6.142022e+02	6.146201e+02	5.889194e+00
553	1.486777e+07	9.152973e-01	1.986610e+09	6.145709e+02	6.142086e+02	6.146196e+02	5.893496e+00
554	1.486762e+07	9.169525e-01	1.986610e+09	6.145701e+02	6.142150e+02	6.146191e+02	5.897797e+00
555	1.486748e+07	9.186077e-01	1.986610e+09	6.145692e+02	6.142214e+02	6.146187e+02	5.902099e+00
556	1.486733e+07	9.202628e-01	1.986610e+09	6.145684e+02	6.142277e+02	6.146182e+02	5.906400e+00
557	1.486718e+07	9.219180e-01	1.986610e+09	6.145676e+02	6.142341e+02	6.146177e+02	5.910702e+00
558	1.486703e+07	9.235731e-01	1.986610e+09	6.145668e+02	6.142405e+02	6.146172e+02	5.915003e+00
559	1.486688e+07	9.252282e-01	1.986610e+09	6.145660e+02	6.142469e+02	6.146167e+02	5.919304e+00
560	1.486673e+07	9.268834e-01	1.986610e+09	6.145652e+02	6.142532e+02	6.146162e+02	5.923606e+00
561	1.486658e+07	9.285386e-01	1.986610e+09	6.145644e+02	6.142596e+02	6.146157e+02	5.927907e+00
562	1.486641e+07	9.301937e-01	1.986610e+09	6.145635e+02	6.142647e+02	6.146152e+02	5.932178e+00
563	1.486623e+07	9.318488e-01	1.986610e+09	6.145625e+02	6.142683e+02	6.146146e+02	5.936416e+00
564	1.486604e+07	9.335040e-01	1.986610e+09	6.145615e+02	6.142720e+02	6.146140e+02	5.940654e+00
565	1.486586e+07	9.351591e-01	1.986610e+09	6.145605e+02	6.142756e+02	6.146135e+02	5.944891e+00
566	1.486567e+07	9.368142e-01	1.986610e+09	6.145595e+02	6.142792e+02	6.146129e+02	5.949129e+00
567	1.486548e+07	9.384695e-01	1.986610e+09	6.145585e+02	6.142828e+02	6.146123e+02	5.953367e+00
568	1.486530e+07	9.401246e-01	1.986610e+09	6.145575e+02	6.142865e+02	6.146117e+02	5.957604e+00
569	1.486511e+07	9.417797e-01	1.986610e+09	6.145565e+02	6.142901e+02	6.146111e+02	5.961842e+00
570	1.486492e+07	9.434348e-01	1.986610e+09	6.145555e+02	6.142938e+02	6.146105e+02	5.966079e+00
571	1.486474e+07	9.450901e-01	1.986610e+09	6.145545e+02	6.142974e+02	6.146100e+02	5.970317e+00
572	1.486455e+07	9.467452e-01	1.986610e+09	6.145535e+02	6.143010e+02	6.146094e+02	5.974555e+00
573	1.486437e+07	9.484003e-01	1.986610e+09	6.145526e+02	6.143046e+02	6.146088e+02	5.978792e+00
574	1.486418e+07	9.500555e-01	1.986610e+09	6.145515e+02	6.143083e+02	6.146082e+02	5.983030e+00
575	1.486400e+07	9.517106e-01	1.986610e+09	6.145505e+02	6.143119e+02	6.146076e+02	5.987267e+00
576	1.486381e+07	9.533657e-01	1.986610e+09	6.145495e+02	6.143156e+02	6.146071e+02	5.991505e+00
577	1.486362e+07	9.550209e-01	1.986610e+09	6.145485e+02	6.143192e+02	6.146064e+02	5.995742e+00
578	1.486344e+07	9.566761e-01	1.986610e+09	6.145475e+02	6.143228e+02	6.146059e+02	5.999980e+00
579	1.486325e+07	9.583312e-01	1.986610e+09	6.145465e+02	6.143264e+02	6.146053e+02	6.004218e+00
580	1.486306e+07	9.599863e-01	1.986610e+09	6.145455e+02	6.143301e+02	6.146047e+02	6.008455e+00
581	1.486288e+07	9.616416e-01	1.986610e+09	6.145446e+02	6.143337e+02	6.146041e+02	6.012692e+00
582	1.486269e+07	9.632967e-01	1.986610e+09	6.145435e+02	6.143373e+02	6.146036e+02	6.016930e+00
583	1.486251e+07	9.649518e-01	1.986610e+09	6.145425e+02	6.143409e+02	6.146030e+02	6.021168e+00
584	1.486232e+07	9.666070e-01	1.986610e+09	6.145416e+02	6.143446e+02	6.146024e+02	6.025405e+00
585	1.486214e+07	9.682621e-01	1.986610e+09	6.145405e+02	6.143482e+02	6.146018e+02	6.029643e+00
586	1.486195e+07	9.699172e-01	1.986610e+09	6.145396e+02	6.143519e+02	6.146012e+02	6.033881e+00
587	1.486176e+07	9.715724e-01	1.986610e+09	6.145386e+02	6.143555e+02	6.146006e+02	6.038118e+00
588	1.486158e+07	9.732276e-01	1.986610e+09	6.145375e+02	6.143591e+02	6.146000e+02	6.042356e+00
589	1.486139e+07	9.748827e-01	1.986610e+09	6.145366e+02	6.143627e+02	6.145995e+02	6.046593e+00
590	1.486120e+07	9.765378e-01	1.986610e+09	6.145356e+02	6.143664e+02	6.145989e+02	6.050831e+00
591	1.486102e+07	9.781930e-01	1.986610e+09	6.145345e+02	6.143700e+02	6.145983e+02	6.055068e+00
592	1.486083e+07	9.798481e-01	1.986610e+09	6.145336e+02	6.143737e+02	6.145977e+02	6.059306e+00
593	1.486065e+07	9.815033e-01	1.986610e+09	6.145326e+02	6.143773e+02	6.145972e+02	6.063543e+00
594	1.486046e+07	9.831584e-01	1.986610e+09	6.145316e+02	6.143809e+02	6.145966e+02	6.067781e+00
595	1.486028e+07	9.848136e-01	1.986610e+09	6.145306e+02	6.143845e+02	6.145959e+02	6.072019e+00
596	1.486009e+07	9.864687e-01	1.986610e+09	6.145296e+02	6.143882e+02	6.145954e+02	6.076256e+00
597	1.485990e+07	9.881239e-01	1.986610e+09	6.145286e+02	6.143918e+02	6.145948e+02	6.080494e+00
598	1.485972e+07	9.897791e-01	1.986610e+09	6.145276e+02	6.143954e+02	6.145942e+02	6.084732e+00
599	1.485953e+07	9.914342e-01	1.986610e+09	6.145266e+02	6.143990e+02	6.145936e+02	6.088969e+00
600	1.485934e+07	9.930893e-01	1.986610e+09	6.145256e+02	6.144027e+02	6.145931e+02	6.093206e+00
601	1.485916e+07	9.947445e-01	1.986610e+09	6.145246e+02	6.144063e+02	6.145925e+02	6.097444e+00
602	1.485897e+07	9.963996e-01	1.986610e+09	6.145236e+02	6.144100e+02	6.145919e+02	6.101682e+00
603	1.485879e+07	9.980548e-01	1.986610e+09	6.145226e+02	6.144136e+02	6.145913e+02	6.105919e+00
604	1.485860e+07	9.997099e-01	1.986610e+09	6.145216e+02	6.144172e+02	6.145908e+02	6.110157e+00
605	1.485842e+07	1.001365e+00	1.986610e+09	6.145206e+02	6.144208e+02	6.145901e+02	6.114394e+00
606	1.485823e+07	1.003020e+00	1.986610e+09	6.145196e+02	6.144245e+02	6.145895e+02	6.118632e+00
607	1.485804e+07	1.004675e+00	1.986610e+09	6.145186e+02	6.144281e+02	6.145890e+02	6.122869e+00
608	1.485786e+07	1.006331e+00	1.986610e+09	6.145176e+02	6.144318e+02	6.145884e+02	6.127107e+00
609	1.485767e+07	1.007986e+00	1.986610e+09	6.145166e+02	6.144354e+02	6.145878e+02	6.131345e+00
610	1.485748e+07	1.009641e+00	1.986610e+09	6.145156e+02	6.144390e+02	6.145872e+02	6.135582e+00
611	1.485730e+07	1.011296e+00	1.986610e+09	6.145146e+02	6.144426e+02	6.145867e+02	6.139820e+00
612	1.485711e+07	1.012951e+00	1.986610e+09	6.145136e+02	6.144463e+02	6.145861e+02	6.144057e+00
613	1.485693e+07	1.014606e+00	1.986610e+09	6.145126e+02	6.144499e+02	6.145855e+02	6.148295e+00
614	1.485674e+07	1.016261e+00	1.986610e+09	6.145116e+02	6.144536e+02	6.145849e+02	6.152533e+00
615	1.485656e+07	1.017917e+00	1.986610e+09	6.145106e+02	6.144572e+02	6.145844e+02	6.156770e+00
616	1.485637e+07	1.019572e+00	1.986610e+09	6.145096e+02	6.144608e+02	6.145837e+02	6.161008e+00
617	1.485618e+07	1.021227e+00	1.986610e+09	6.145086e+02	6.144644e+02	6.145831e+02	6.165246e+00
618	1.485600e+07	1.022882e+00	1.986610e+09	6.145076e+02	6.144681e+02	6.145826e+02	6.169483e+00
619	1.485581e+07	1.024537e+00	1.986610e+09	6.145067e+02	6.144717e+02	6.145820e+02	6.173720e+00
620	1.485562e+07	1.026192e+00	1.986610e+09	6.145056e+02	6.144753e+02	6.145814e+02	6.177958e+00
621	1.485544e+07	1.027848e+00	1.986610e+09	6.145046e+02	6.144789e+02	6.145808e+02	6.182196e+00
622	1.485525e+07	1.029503e+00	1.986610e+09	6.145036e+02	6.144826e+02	6.145803e+02	6.186433e+00
623	1.485507e+07	1.031158e+00	1.986610e+09	6.145026e+02	6.144862e+02	6.145797e+02	6.190671e+00
624	1.485488e+07	1.032813e+00	1.986610e+09	6.145016e+02	6.144899e+02	6.145791e+02	6.194908e+00
625	1.485466e+07	1.034468e+00	1.986610e+09	6.145005e+02	6.144919e+02	6.145784e+02	6.198943e+00
626	1.485444e+07	1.036123e+00	1.986610e+09	6.144993e+02	6.144937e+02	6.145777e+02	6.202935e+00
627	1.485421e+07	1.037778e+00	1.986610e+09	6.144980e+02	6.144955e+02	6.145770e+02	6.206929e+00
628	1.485399e+07	1.039434e+00	1.986610e+09	6.144968e+02	6.144973e+02	6.145764e+02	6.210921e+00
629	1.485376e+07	1.041089e+00	1.986610e+09	6.144957e+02	6.144990e+02	6.145757e+02	6.214914e+00
630	1.485354e+07	1.042744e+00	1.986610e+09	6.144944e+02	6.145008e+02	6.145750e+02	6.218907e+00
631	1.485331e+07	1.044399e+00	1.986610e+09	6.144932e+02	6.145025e+02	6.145743e+02	6.222900e+00
632	1.485309e+07	1.046054e+00	1.986610e+09	6.144920e+02	6.145043e+02	6.145736e+02	6.226893e+00
633	1.485286e+07	1.047709e+00	1.986610e+09	6.144908e+02	6.145060e+02	6.145729e+02	6.230886e+00
634	1.485264e+07	1.049364e+00	1.986610e+09	6.144896e+02	6.145078e+02	6.145723e+02	6.234879e+00
635	1.485241e+07	1.051020e+00	1.986610e+09	6.144884e+02	6.145096e+02	6.145715e+02	6.238872e+00
636	1.485219e+07	1.052675e+00	1.986610e+09	6.144872e+02	6.145114e+02	6.145709e+02	6.242865e+00
637	1.485196e+07	1.054330e+00	1.986610e+09	6.144860e+02	6.145131e+02	6.145702e+02	6.246858e+00
638	1.485174e+07	1.055985e+00	1.986610e+09	6.144848e+02	6.145149e+02	6.145695e+02	6.250850e+00
639	1.485151e+07	1.057640e+00	1.986610e+09	6.144836e+02	6.145167e+02	6.145688e+02	6.254843e+00
640	1.485129e+07	1.059295e+00	1.986610e+09	6.144824e+02	6.145184e+02	6.145681e+02	6.258836e+00
641	1.485106e+07	1.060951e+00	1.986610e+09	6.144812e+02	6.145202e+02	6.145674e+02	6.262829e+00
642	1.485084e+07	1.062606e+00	1.986610e+09	6.144800e+02	6.145220e+02	6.145668e+02	6.266822e+00
643	1.485061e+07	1.064261e+00	1.986610e+09	6.144788e+02	6.145237e+02	6.145660e+02	6.270815e+00
644	1.485039e+07	1.065916e+00	1.986610e+09	6.144776e+02	6.145255e+02	6.145654e+02	6.274808e+00
645	1.485016e+07	1.067571e+00	1.986610e+09	6.144764e+02	6.145272e+02	6.145647e+02	6.278801e+00
646	1.484994e+07	1.069226e+00	1.986610e+09	6.144752e+02	6.145290e+02	6.145640e+02	6.282794e+00
647	1.484971e+07	1.070881e+00	1.986610e+09	6.144739e+02	6.145308e+02	6.145633e+02	6.286787e+00
648	1.484949e+07	1.072537e+00	1.986610e+09	6.144728e+02	6.145325e+02	6.145626e+02	6.290780e+00
649	1.484926e+07	1.074192e+00	1.986610e+09	6.144716e+02	6.145343e+02	6.145620e+02	6.294773e+00
650	1.484904e+07	1.075847e+00	1.986610e+09	6.144703e+02	6.145361e+02	6.145613e+02	6.298765e+00
651	1.484881e+07	1.077502e+00	1.986610e+09	6.144692e+02	6.145378e+02	6.145605e+02	6.302758e+00
652	1.484858e+07	1.079157e+00	1.986610e+09	6.144680e+02	6.145396e+02	6.145599e+02	6.306751e+00
653	1.484836e+07	1.080812e+00	1.986610e+09	6.144667e+02	6.145414e+02	6.145592e+02	6.310744e+00
654	1.484814e+07	1.082467e+00	1.986610e+09	6.144655e+02	6.145431e+02	6.145585e+02	6.314737e+00
655	1.484791e+07	1.084123e+00	1.986610e+09	6.144644e+02	6.145449e+02	6.145578e+02	6.318730e+00
656	1.484768e+07	1.085778e+00	1.986610e+09	6.144631e+02	6.145466e+02	6.145571e+02	6.322723e+00
657	1.484746e+07	1.087433e+00	1.986610e+09	6.144619e+02	6.145484e+02	6.145565e+02	6.326716e+00
658	1.484724e+07	1.089088e+00	1.986610e+09	6.144607e+02	6.145502e+02	6.145558e+02	6.330709e+00
659	1.484701e+07	1.090743e+00	1.986610e+09	6.144595e+02	6.145519e+02	6.145551e+02	6.334702e+00
660	1.484678e+07	1.092398e+00	1.986610e+09	6.144583e+02	6.145537e+02	6.145544e+02	6.338695e+00
661	1.484656e+07	1.094054e+00	1.986610e+09	6.144571e+02	6.145555e+02	6.145537e+02	6.342688e+00
662	1.484633e+07	1.095709e+00	1.986610e+09	6.144559e+02	6.145573e+02	6.145530e+02	6.346680e+00
663	1.484611e+07	1.097364e+00	1.986610e+09	6.144547e+02	6.145590e+02	6.145524e+02	6.350673e+00
664	1.484588e+07	1.099019e+00	1.986610e+09	6.144535e+02	6.145608e+02	6.145516e+02	6.354666e+00
665	1.484566e+07	1.100674e+00	1.986610e+09	6.144523e+02	6.145625e+02	6.145510e+02	6.358659e+00
666	1.484543e+07	1.102329e+00	1.986610e+09	6.144511e+02	6.145643e+02	6.145503e+02	6.362652e+00
667	1.484521e+07	1.103984e+00	1.986610e+09	6.144499e+02	6.145660e+02	6.145496e+02	6.366645e+00
668	1.484498e+07	1.105640e+00	1.986610e+09	6.144487e+02	6.145678e+02	6.145489e+02	6.370638e+00
669	1.484476e+07	1.107295e+00	1.986610e+09	6.144474e+02	6.145696e+02	6.145482e+02	6.374631e+00
670	1.484453e+07	1.108950e+00	1.986610e+09	6.144463e+02	6.145714e+02	6.145475e+02	6.378623e+00
671	1.484431e+07	1.110605e+00	1.986610e+09	6.144451e+02	6.145731e+02	6.145469e+02	6.382617e+00
672	1.484408e+07	1.112260e+00	1.986610e+09	6.144438e+02	6.145749e+02	6.145461e+02	6.386610e+00
673	1.484386e+07	1.113915e+00	1.986610e+09	6.144426e+02	6.145767e+02	6.145455e+02	6.390602e+00
674	1.484363e+07	1.115570e+00	1.986610e+09	6.144415e+02	6.145784e+02	6.145448e+02	6.394595e+00
675	1.484341e+07	1.117226e+00	1.986610e+09	6.144402e+02	6.145802e+02	6.145441e+02	6.398588e+00
676	1.484318e+07	1.118881e+00	1.986610e+09	6.144390e+02	6.145820e+02	6.145434e+02	6.402581e+00
677	1.484296e+07	1.120536e+00	1.986610e+09	6.144379e+02	6.145837e+02	6.145427e+02	6.406574e+00
678	1.484273e+07	1.122191e+00	1.986610e+09	6.144366e+02	6.145854e+02	6.145421e+02	6.410567e+00
679	1.484251e+07	1.123846e+00	1.986610e+09	6.144354e+02	6.145872e+02	6.145414e+02	6.414560e+00
680	1.484228e+07	1.125501e+00	1.986610e+09	6.144342e+02	6.145890e+02	6.145407e+02	6.418552e+00
681	1.484206e+07	1.127156e+00	1.986610e+09	6.144330e+02	6.145908e+02	6.145400e+02	6.422545e+00
682	1.484183e+07	1.128812e+00	1.986610e+09	6.144318e+02	6.145925e+02	6.145393e+02	6.426538e+00
683	1.484161e+07	1.130467e+00	1.986610e+09	6.144306e+02	6.145943e+02	6.145386e+02	6.430532e+00
684	1.484138e+07	1.132122e+00	1.986610e+09	6.144294e+02	6.145961e+02	6.145380e+02	6.434524e+00
685	1.484116e+07	1.133777e+00	1.986610e+09	6.144282e+02	6.145978e+02	6.145372e+02	6.438517e+00
686	1.484093e+07	1.135432e+00	1.986610e+09	6.144270e+02	6.145996e+02	6.145366e+02	6.442510e+00
687	1.484070e+07	1.137087e+00	1.986610e+09	6.144258e+02	6.146011e+02	6.145359e+02	6.446438e+00
688	1.484044e+07	1.138742e+00	1.986610e+09	6.144243e+02	6.146014e+02	6.145351e+02	6.450091e+00
689	1.484017e+07	1.140398e+00	1.986610e+09	6.144229e+02	6.146018e+02	6.145343e+02	6.453746e+00
690	1.483991e+07	1.142053e+00	1.986610e+09	6.144215e+02	6.146021e+02	6.145335e+02	6.457399e+00
691	1.483964e+07	1.143708e+00	1.986610e+09	6.144200e+02	6.146025e+02	6.145327e+02	6.461053e+00
692	1.483938e+07	1.145363e+00	1.986610e+09	6.144186e+02	6.146028e+02	6.145319e+02	6.464707e+00
693	1.483911e+07	1.147018e+00	1.986610e+09	6.144172e+02	6.146032e+02	6.145312e+02	6.468361e+00
694	1.483885e+07	1.148673e+00	1.986610e+09	6.144158e+02	6.146035e+02	6.145304e+02	6.472015e+00
695	1.483858e+07	1.150328e+00	1.986610e+09	6.144144e+02	6.146039e+02	6.145296e+02	6.475669e+00
696	1.483832e+07	1.151984e+00	1.986610e+09	6.144130e+02	6.146042e+02	6.145288e+02	6.479323e+00
697	1.483806e+07	1.153639e+00	1.986610e+09	6.144116e+02	6.146046e+02	6.145280e+02	6.482977e+00
698	1.483779e+07	1.155294e+00	1.986610e+09	6.144101e+02	6.146050e+02	6.145273e+02	6.486631e+00
699	1.483753e+07	1.156949e+00	1.986610e+09	6.144087e+02	6.146053e+02	6.145265e+02	6.490284e+00
700	1.483726e+07	1.158604e+00	1.986610e+09	6.144073e+02	6.146057e+02	6.145257e+02	6.493938e+00
701	1.483700e+07	1.160259e+00	1.986610e+09	6.144059e+02	6.146060e+02	6.145249e+02	6.497592e+00
702	1.483674e+07	1.161914e+00	1.986610e+09	6.144044e+02	6.146064e+02	6.145241e+02	6.501246e+00
703	1.483647e+07	1.163570e+00	1.986610e+09	6.144030e+02	6.146067e+02	6.145233e+02	6.504900e+00
704	1.483621e+07	1.165225e+00	1.986610e+09	6.144016e+02	6.146071e+02	6.145226e+02	6.508554e+00
705	1.483594e+07	1.166880e+00	1.986610e+09	6.144002e+02	6.146074e+02	6.145218e+02	6.512208e+00
706	1.483568e+07	1.168535e+00	1.986610e+09	6.143987e+02	6.146078e+02	6.145210e+02	6.515862e+00
707	1.483542e+07	1.170190e+00	1.986610e+09	6.143973e+02	6.146081e+02	6.145202e+02	6.519516e+00
708	1.483515e+07	1.171845e+00	1.986610e+09	6.143959e+02	6.146085e+02	6.145194e+02	6.523170e+00
709	1.483489e+07	1.173501e+00	1.986610e+09	6.143945e+02	6.146088e+02	6.145187e+02	6.526824e+00
710	1.483462e+07	1.175156e+00	1.986610e+09	6.143931e+02	6.146092e+02	6.145179e+02	6.530478e+00
711	1.483436e+07	1.176811e+00	1.986610e+09	6.143917e+02	6.146095e+02	6.145171e+02	6.534132e+00
712	1.483409e+07	1.178466e+00	1.986610e+09	6.143903e+02	6.146099e+02	6.145163e+02	6.537786e+00
713	1.483383e+07	1.180121e+00	1.986610e+09	6.143888e+02	6.146102e+02	6.145155e+02	6.541440e+00
714	1.483356e+07	1.181776e+00	1.986610e+09	6.143874e+02	6.146106e+02	6.145147e+02	6.545093e+00
715	1.483330e+07	1.183431e+00	1.986610e+09	6.143860e+02	6.146109e+02	6.145140e+02	6.548747e+00
716	1.483304e+07	1.185087e+00	1.986610e+09	6.143846e+02	6.146113e+02	6.145132e+02	6.552401e+00
717	1.483277e+07	1.186742e+00	1.986610e+09	6.143831e+02	6.146116e+02	6.145124e+02	6.556055e+00
718	1.483251e+07	1.188397e+00	1.986610e+09	6.143817e+02	6.146120e+02	6.145116e+02	6.559709e+00
719	1.483224e+07	1.190052e+00	1.986610e+09	6.143803e+02	6.146124e+02	6.145108e+02	6.563363e+00
720	1.483198e+07	1.191707e+00	1.986610e+09	6.143788e+02	6.146127e+02	6.145100e+02	6.567017e+00
721	1.483172e+07	1.193362e+00	1.986610e+09	6.143774e+02	6.146130e+02	6.145093e+02	6.570671e+00
722	1.483145e+07	1.195017e+00	1.986610e+09	6.143760e+02	6.146134e+02	6.145085e+02	6.574325e+00
723	1.483119e+07	1.196673e+00	1.986610e+09	6.143746e+02	6.146138e+02	6.145077e+02	6.577979e+00
724	1.483092e+07	1.198328e+00	1.986610e+09	6.143732e+02	6.146141e+02	6.145069e+02	6.581633e+00
725	1.483066e+07	1.199983e+00	1.986610e+09	6.143718e+02	6.146144e+02	6.145061e+02	6.585286e+00
726	1.483040e+07	1.201638e+00	1.986610e+09	6.143704e+02	6.146148e+02	6.145054e+02	6.588940e+00
727	1.483013e+07	1.203293e+00	1.986610e+09	6.143689e+02	6.146152e+02	6.145046e+02	6.592594e+00
728	1.482987e+07	1.204948e+00	1.986610e+09	6.143675e+02	6.146155e+02	6.145038e+02	6.596248e+00
729	1.482960e+07	1.206604e+00	1.986610e+09	6.143661e+02	6.146158e+02	6.145030e+02	6.599902e+00
730	1.482934e+07	1.208259e+00	1.986610e+09	6.143647e+02	6.146162e+02	6.145022e+02	6.603556e+00
731	1.482907e+07	1.209914e+00	1.986610e+09	6.143632e+02	6.146166e+02	6.145014e+02	6.607210e+00
732	1.482881e+07	1.211569e+00	1.986610e+09	6.143618e+02	6.146169e+02	6.145007e+02	6.610864e+00
733	1.482854e+07	1.213224e+00	1.986610e+09	6.143604e+02	6.146172e+02	6.144999e+02	6.614518e+00
734	1.482828e+07	1.214879e+00	1.986610e+09	6.143590e+02	6.146176e+02	6.144991e+02	6.618171e+00
735	1.482802e+07	1.216534e+00	1.986610e+09	6.143575e+02	6.146180e+02	6.144983e+02	6.621825e+00
736	1.482775e+07	1.218189e+00	1.986610e+09	6.143561e+02	6.146183e+02	6.144975e+02	6.625479e+00
737	1.482749e+07	1.219845e+00	1.986610e+09	6.143547e+02	6.146187e+02	6.144968e+02	6.629133e+00
738	1.482722e+07	1.221500e+00	1.986610e+09	6.143533e+02	6.146190e+02	6.144960e+02	6.632787e+00
739	1.482696e+07	1.223155e+00	1.986610e+09	6.143519e+02	6.146194e+02	6.144952e+02	6.636441e+00
740	1.482670e+07	1.224810e+00	1.986610e+09	6.143505e+02	6.146198e+02	6.144944e+02	6.640095e+00
741	1.482643e+07	1.226465e+00	1.986610e+09	6.143491e+02	6.146201e+02	6.144936e+02	6.643749e+00
742	1.482617e+07	1.228120e+00	1.986610e+09	6.143476e+02	6.146204e+02	6.144928e+02	6.647403e+00
743	1.482590e+07	1.229776e+00	1.986610e+09	6.143462e+02	6.146208e+02	6.144921e+02	6.651056e+00
744	1.482564e+07	1.231431e+00	1.986610e+09	6.143448e+02	6.146212e+02	6.144913e+02	6.654711e+00
745	1.482538e+07	1.233086e+00	1.986610e+09	6.143433e+02	6.146215e+02	6.144905e+02	6.658364e+00
746	1.482511e+07	1.234741e+00	1.986610e+09	6.143419e+02	6.146218e+02	6.144897e+02	6.662018e+00
747	1.482485e+07	1.236396e+00	1.986610e+09	6.143405e+02	6.146222e+02	6.144889e+02	6.665672e+00
748	1.482458e+07	1.238051e+00	1.986610e+09	6.143391e+02	6.146226e+02	6.144882e+02	6.669326e+00
749	1.482432e+07	1.239707e+00	1.986610e+09	6.143376e+02	6.146229e+02	6.144874e+02	6.672980e+00
750	1.482403e+07	1.241362e+00	1.986610e+09	6.143361e+02	6.146226e+02	6.144865e+02	6.676431e+00
751	1.482373e+07	1.243017e+00	1.986610e+09	6.143345e+02	6.146218e+02	6.144856e+02	6.679718e+00
752	1.482342e+07	1.244672e+00	1.986610e+09	6.143329e+02	6.146211e+02	6.144847e+02	6.683006e+00
753	1.482312e+07	1.246327e+00	1.986610e+09	6.143312e+02	6.146203e+02	6.144838e+02	6.686293e+00
754	1.482282e+07	1.247982e+00	1.986610e+09	6.143296e+02	6.146196e+02	6.144830e+02	6.689581e+00
755	1.482251e+07	1.249637e+00	1.986610e+09	6.143279e+02	6.146188e+02	6.144821e+02	6.692868e+00
756	1.482221e+07	1.251292e+00	1.986610e+09	6.143263e+02	6.146180e+02	6.144812e+02	6.696156e+00
757	1.482190e+07	1.252948e+00	1.986610e+09	6.143246e+02	6.146172e+02	6.144803e+02	6.699443e+00
758	1.482160e+07	1.254603e+00	1.986610e+09	6.143231e+02	6.146165e+02	6.144794e+02	6.702731e+00
759	1.482129e+07	1.256258e+00	1.986610e+09	6.143214e+02	6.146157e+02	6.144785e+02	6.706018e+00
760	1.482099e+07	1.257913e+00	1.986610e+09	6.143198e+02	6.146149e+02	6.144777e+02	6.709305e+00
761	1.482069e+07	1.259568e+00	1.986610e+09	6.143181e+02	6.146142e+02	6.144767e+02	6.712593e+00
762	1.482038e+07	1.261223e+00	1.986610e+09	6.143165e+02	6.146134e+02	6.144759e+02	6.715880e+00
763	1.482008e+07	1.262879e+00	1.986610e+09	6.143148e+02	6.146127e+02	6.144750e+02	6.719168e+00
764	1.481977e+07	1.264534e+00	1.986610e+09	6.143132e+02	6.146119e+02	6.144741e+02	6.722455e+00
765	1.481947e+07	1.266189e+00	1.986610e+09	6.143116e+02	6.146111e+02	6.144732e+02	6.725743e+00
766	1.481917e+07	1.267844e+00	1.986610e+09	6.143099e+02	6.146104e+02	6.144724e+02	6.729030e+00
767	1.481886e+07	1.269499e+00	1.986610e+09	6.143083e+02	6.146096e+02	6.144714e+02	6.732317e+00
768	1.481856e+07	1.271154e+00	1.986610e+09	6.143066e+02	6.146088e+02	6.144706e+02	6.735605e+00
769	1.481825e+07	1.272810e+00	1.986610e+09	6.143051e+02	6.146080e+02	6.144697e+02	6.738892e+00
770	1.481795e+07	1.274465e+00	1.986610e+09	6.143034e+02	6.146073e+02	6.144688e+02	6.742180e+00
771	1.481764e+07	1.276120e+00	1.986610e+09	6.143018e+02	6.146065e+02	6.144679e+02	6.745467e+00
772	1.481734e+07	1.277775e+00	1.986610e+09	6.143001e+02	6.146058e+02	6.144670e+02	6.748755e+00
773	1.481704e+07	1.279430e+00	1.986610e+09	6.142985e+02	6.146050e+02	6.144661e+02	6.752042e+00
774	1.481673e+07	1.281085e+00	1.986610e+09	6.142968e+02	6.146042e+02	6.144653e+02	6.755330e+00
775	1.481643e+07	1.282740e+00	1.986610e+09	6.142952e+02	6.146035e+02	6.144644e+02	6.758617e+00
776	1.481612e+07	1.284395e+00	1.986610e+09	6.142936e+02	6.146027e+02	6.144635e+02	6.761904e+00
777	1.481582e+07	1.286051e+00	1.986610e+09	6.142919e+02	6.146019e+02	6.144626e+02	6.765192e+00
778	1.481552e+07	1.287706e+00	1.986610e+09	6.142903e+02	6.146011e+02	6.144617e+02	6.768479e+00
779	1.481521e+07	1.289361e+00	1.986610e+09	6.142886e+02	6.146004e+02	6.144608e+02	6.771767e+00
780	1.481491e+07	1.291016e+00	1.986610e+09	6.142870e+02	6.145996e+02	6.144600e+02	6.775054e+00
781	1.481460e+07	1.292671e+00	1.986610e+09	6.142854e+02	6.145989e+02	6.144590e+02	6.778342e+00
782	1.481430e+07	1.294326e+00	1.986610e+09	6.142838e+02	6.145981e+02	6.144582e+02	6.781629e+00
783	1.481400e+07	1.295982e+00	1.986610e+09	6.142821e+02	6.145973e+02	6.144573e+02	6.784916e+00
784	1.481369e+07	1.297637e+00	1.986610e+09	6.142805e+02	6.145966e+02	6.144564e+02	6.788204e+00
785	1.481339e+07	1.299292e+00	1.986610e+09	6.142788e+02	6.145958e+02	6.144555e+02	6.791492e+00
786	1.481308e+07	1.300947e+00	1.986610e+09	6.142772e+02	6.145950e+02	6.144547e+02	6.794779e+00
787	1.481278e+07	1.302602e+00	1.986610e+09	6.142756e+02	6.145942e+02	6.144537e+02	6.798066e+00
788	1.481248e+07	1.304257e+00	1.986610e+09	6.142739e+02	6.145935e+02	6.144529e+02	6.801353e+00
789	1.481217e+07	1.305912e+00	1.986610e+09	6.142723e+02	6.145927e+02	6.144520e+02	6.804641e+00
790	1.481187e+07	1.307568e+00	1.986610e+09	6.142706e+02	6.145919e+02	6.144510e+02	6.807929e+00
791	1.481156e+07	1.309223e+00	1.986610e+09	6.142690e+02	6.145912e+02	6.144502e+02	6.811216e+00
792	1.481126e+07	1.310878e+00	1.986610e+09	6.142674e+02	6.145904e+02	6.144493e+02	6.814504e+00
793	1.481095e+07	1.312533e+00	1.986610e+09	6.142657e+02	6.145897e+02	6.144484e+02	6.817791e+00
794	1.481065e+07	1.314188e+00	1.986610e+09	6.142641e+02	6.145889e+02	6.144475e+02	6.821078e+00
795	1.481035e+07	1.315843e+00	1.986610e+09	6.142625e+02	6.145881e+02	6.144467e+02	6.824366e+00
796	1.481004e+07	1.317498e+00	1.986610e+09	6.142608e+02	6.145873e+02	6.144457e+02	6.827653e+00
797	1.480974e+07	1.319154e+00	1.986610e+09	6.142592e+02	6.145866e+02	6.144449e+02	6.830941e+00
798	1.480943e+07	1.320809e+00	1.986610e+09	6.142576e+02	6.145858e+02	6.144440e+02	6.834228e+00
799	1.480913e+07	1.322464e+00	1.986610e+09	6.142559e+02	6.145850e+02	6.144431e+02	6.837516e+00
800	1.480882e+07	1.324119e+00	1.986610e+09	6.142543e+02	6.145843e+02	6.144422e+02	6.840803e+00
801	1.480852e+07	1.325774e+00	1.986610e+09	6.142526e+02	6.145835e+02	6.144413e+02	6.844090e+00
802	1.480822e+07	1.327429e+00	1.986610e+09	6.142510e+02	6.145828e+02	6.144404e+02	6.847378e+00
803	1.480791e+07	1.329085e+00	1.986610e+09	6.142494e+02	6.145820e+02	6.144396e+02	6.850665e+00
804	1.480761e+07	1.330740e+00	1.986610e+09	6.142477e+02	6.145812e+02	6.144387e+02	6.853952e+00
805	1.480730e+07	1.332395e+00	1.986610e+09	6.142461e+02	6.145804e+02	6.144378e+02	6.857240e+00
806	1.480700e+07	1.334050e+00	1.986610e+09	6.142444e+02	6.145797e+02	6.144369e+02	6.860528e+00
807	1.480670e+07	1.335705e+00	1.986610e+09	6.142428e+02	6.145789e+02	6.144360e+02	6.863815e+00
808	1.480639e+07	1.337360e+00	1.986610e+09	6.142412e+02	6.145781e+02	6.144351e+02	6.867103e+00
809	1.480609e+07	1.339015e+00	1.986610e+09	6.142396e+02	6.145774e+02	6.144343e+02	6.870390e+00
810	1.480578e+07	1.340671e+00	1.986610e+09	6.142379e+02	6.145766e+02	6.144333e+02	6.873677e+00
811	1.480548e+07	1.342326e+00	1.986610e+09	6.142363e+02	6.145759e+02	6.144325e+02	6.876965e+00
812	1.480518e+07	1.343981e+00	1.986610e+09	6.142346e+02	6.145751e+02	6.144316e+02	6.880252e+00
813	1.480484e+07	1.345636e+00	1.986610e+09	6.142328e+02	6.145735e+02	6.144306e+02	6.883189e+00
814	1.480449e+07	1.347291e+00	1.986610e+09	6.142310e+02	6.145720e+02	6.144296e+02	6.886093e+00
815	1.480415e+07	1.348946e+00	1.986610e+09	6.142291e+02	6.145704e+02	6.144286e+02	6.888998e+00
816	1.480380e+07	1.350601e+00	1.986610e+09	6.142272e+02	6.145688e+02	6.144276e+02	6.891902e+00
817	1.480346e+07	1.352257e+00	1.986610e+09	6.142254e+02	6.145673e+02	6.144266e+02	6.894806e+00
818	1.480312e+07	1.353912e+00	1.986610e+09	6.142236e+02	6.145657e+02	6.144257e+02	6.897710e+00
819	1.480277e+07	1.355567e+00	1.986610e+09	6.142217e+02	6.145641e+02	6.144247e+02	6.900615e+00
820	1.480243e+07	1.357222e+00	1.986610e+09	6.142198e+02	6.145625e+02	6.144237e+02	6.903519e+00
821	1.480208e+07	1.358877e+00	1.986610e+09	6.142180e+02	6.145609e+02	6.144227e+02	6.906423e+00
822	1.480174e+07	1.360532e+00	1.986610e+09	6.142161e+02	6.145593e+02	6.144217e+02	6.909328e+00
823	1.480140e+07	1.362188e+00	1.986610e+09	6.142143e+02	6.145577e+02	6.144207e+02	6.912232e+00
824	1.480105e+07	1.363843e+00	1.986610e+09	6.142125e+02	6.145562e+02	6.144197e+02	6.915136e+00
825	1.480071e+07	1.365498e+00	1.986610e+09	6.142106e+02	6.145546e+02	6.144188e+02	6.918040e+00
826	1.480036e+07	1.367153e+00	1.986610e+09	6.142087e+02	6.145530e+02	6.144177e+02	6.920945e+00
827	1.480002e+07	1.368808e+00	1.986610e+09	6.142069e+02	6.145515e+02	6.144167e+02	6.923849e+00
828	1.479967e+07	1.370463e+00	1.986610e+09	6.142050e+02	6.145499e+02	6.144158e+02	6.926753e+00
829	1.479933e+07	1.372118e+00	1.986610e+09	6.142032e+02	6.145483e+02	6.144148e+02	6.929657e+00
830	1.479899e+07	1.373774e+00	1.986610e+09	6.142014e+02	6.145467e+02	6.144138e+02	6.932562e+00
831	1.479864e+07	1.375429e+00	1.986610e+09	6.141995e+02	6.145451e+02	6.144128e+02	6.935466e+00
832	1.479830e+07	1.377084e+00	1.986610e+09	6.141976e+02	6.145435e+02	6.144118e+02	6.938370e+00
833	1.479795e+07	1.378739e+00	1.986610e+09	6.141958e+02	6.145419e+02	6.144108e+02	6.941275e+00
834	1.479761e+07	1.380394e+00	1.986610e+09	6.141939e+02	6.145404e+02	6.144099e+02	6.944179e+00
835	1.479727e+07	1.382049e+00	1.986610e+09	6.141921e+02	6.145388e+02	6.144088e+02	6.947083e+00
836	1.479692e+07	1.383704e+00	1.986610e+09	6.141902e+02	6.145372e+02	6.144078e+02	6.949987e+00
837	1.479658e+07	1.385360e+00	1.986610e+09	6.141884e+02	6.145356e+02	6.144069e+02	6.952892e+00
838	1.479623e+07	1.387015e+00	1.986610e+09	6.141865e+02	6.145341e+02	6.144059e+02	6.955796e+00
839	1.479589e+07	1.388670e+00	1.986610e+09	6.141847e+02	6.145325e+02	6.144048e+02	6.958700e+00
840	1.479555e+07	1.390325e+00	1.986610e+09	6.141828e+02	6.145309e+02	6.144039e+02	6.961605e+00
841	1.479520e+07	1.391980e+00	1.986610e+09	6.141810e+02	6.145293e+02	6.144029e+02	6.964509e+00
842	1.479486e+07	1.393635e+00	1.986610e+09	6.141791e+02	6.145277e+02	6.144019e+02	6.967413e+00
843	1.479451e+07	1.395290e+00	1.986610e+09	6.141772e+02	6.145261e+02	6.144009e+02	6.970317e+00
844	1.479417e+07	1.396946e+00	1.986610e+09	6.141754e+02	6.145246e+02	6.143999e+02	6.973222e+00
845	1.479383e+07	1.398601e+00	1.986610e+09	6.141736e+02	6.145230e+02	6.143989e+02	6.976126e+00
846	1.479348e+07	1.400256e+00	1.986610e+09	6.141717e+02	6.145214e+02	6.143979e+02	6.979031e+00
847	1.479314e+07	1.401911e+00	1.986610e+09	6.141699e+02	6.145198e+02	6.143970e+02	6.981935e+00
848	1.479279e+07	1.403566e+00	1.986610e+09	6.141680e+02	6.145182e+02	6.143959e+02	6.984839e+00
849	1.479245e+07	1.405221e+00	1.986610e+09	6.141661e+02	6.145167e+02	6.143950e+02	6.987743e+00
850	1.479211e+07	1.406877e+00	1.986610e+09	6.141643e+02	6.145151e+02	6.143940e+02	6.990647e+00
851	1.479176e+07	1.408532e+00	1.986610e+09	6.141625e+02	6.145135e+02	6.143930e+02	6.993552e+00
852	1.479142e+07	1.410187e+00	1.986610e+09	6.141606e+02	6.145119e+02	6.143920e+02	6.996456e+00
853	1.479107e+07	1.411842e+00	1.986610e+09	6.141588e+02	6.145104e+02	6.143910e+02	6.999361e+00
854	1.479073e+07	1.413497e+00	1.986610e+09	6.141569e+02	6.145088e+02	6.143900e+02	7.002265e+00
855	1.479038e+07	1.415152e+00	1.986610e+09	6.141550e+02	6.145072e+02	6.143890e+02	7.005169e+00
856	1.479004e+07	1.416807e+00	1.986610e+09	6.141532e+02	6.145056e+02	6.143881e+02	7.008073e+00
857	1.478970e+07	1.418463e+00	1.986610e+09	6.141514e+02	6.145040e+02	6.143870e+02	7.010978e+00
858	1.478935e+07	1.420118e+00	1.986610e+09	6.141495e+02	6.145024e+02	6.143860e+02	7.013882e+00
859	1.478901e+07	1.421773e+00	1.986610e+09	6.141476e+02	6.145009e+02	6.143851e+02	7.016786e+00
860	1.478866e+07	1.423428e+00	1.986610e+09	6.141458e+02	6.144993e+02	6.143841e+02	7.019691e+00
861	1.478832e+07	1.425083e+00	1.986610e+09	6.141439e+02	6.144977e+02	6.143831e+02	7.022595e+00
862	1.478798e+07	1.426738e+00	1.986610e+09	6.141421e+02	6.144961e+02	6.143821e+02	7.025499e+00
863	1.478763e+07	1.428393e+00	1.986610e+09	6.141403e+02	6.144946e+02	6.143811e+02	7.028403e+00
864	1.478729e+07	1.430049e+00	1.986610e+09	6.141384e+02	6.144930e+02	6.143801e+02	7.031308e+00
865	1.478694e+07	1.431704e+00	1.986610e+09	6.141365e+02	6.144914e+02	6.143792e+02	7.034212e+00
866	1.478660e+07	1.433359e+00	1.986610e+09	6.141347e+02	6.144898e+02	6.143781e+02	7.037116e+00
867	1.478626e+07	1.435014e+00	1.986610e+09	6.141328e+02	6.144882e+02	6.143771e+02	7.040020e+00
868	1.478591e+07	1.436669e+00	1.986610e+09	6.141310e+02	6.144866e+02	6.143762e+02	7.042925e+00
869	1.478557e+07	1.438324e+00	1.986610e+09	6.141292e+02	6.144850e+02	6.143752e+02	7.045829e+00
870	1.478522e+07	1.439980e+00	1.986610e+09	6.141273e+02	6.144835e+02	6.143742e+02	7.048733e+00
871	1.478488e+07	1.441635e+00	1.986610e+09	6.141254e+02	6.144819e+02	6.143732e+02	7.051638e+00
872	1.478454e+07	1.443290e+00	1.986610e+09	6.141236e+02	6.144803e+02	6.143722e+02	7.054542e+00
873	1.478419e+07	1.444945e+00	1.986610e+09	6.141217e+02	6.144788e+02	6.143712e+02	7.057446e+00
874	1.478385e+07	1.446600e+00	1.986610e+09	6.141199e+02	6.144772e+02	6.143702e+02	7.060350e+00
875	1.478349e+07	1.448255e+00	1.986610e+09	6.141180e+02	6.144754e+02	6.143692e+02	7.063173e+00
876	1.478311e+07	1.449910e+00	1.986610e+09	6.141159e+02	6.144733e+02	6.143681e+02	7.065783e+00
877	1.478273e+07	1.451566e+00	1.986610e+09	6.141138e+02	6.144712e+02	6.143671e+02	7.068393e+00
878	1.478234e+07	1.453221e+00	1.986610e+09	6.141118e+02	6.144691e+02	6.143660e+02	7.071003e+00
879	1.478196e+07	1.454876e+00	1.986610e+09	6.141097e+02	6.144669e+02	6.143649e+02	7.073613e+00
880	1.478157e+07	1.456531e+00	1.986610e+09	6.141076e+02	6.144648e+02	6.143638e+02	7.076222e+00
881	1.478119e+07	1.458186e+00	1.986610e+09	6.141055e+02	6.144626e+02	6.143627e+02	7.078833e+00
882	1.478081e+07	1.459841e+00	1.986610e+09	6.141035e+02	6.144605e+02	6.143616e+02	7.081442e+00
883	1.478042e+07	1.461496e+00	1.986610e+09	6.141014e+02	6.144584e+02	6.143605e+02	7.084053e+00
884	1.478004e+07	1.463152e+00	1.986610e+09	6.140993e+02	6.144562e+02	6.143594e+02	7.086662e+00
885	1.477965e+07	1.464807e+00	1.986610e+09	6.140972e+02	6.144541e+02	6.143583e+02	7.089272e+00
886	1.477927e+07	1.466462e+00	1.986610e+09	6.140952e+02	6.144520e+02	6.143572e+02	7.091882e+00
887	1.477889e+07	1.468117e+00	1.986610e+09	6.140931e+02	6.144498e+02	6.143562e+02	7.094492e+00
888	1.477850e+07	1.469772e+00	1.986610e+09	6.140910e+02	6.144477e+02	6.143551e+02	7.097102e+00
889	1.477812e+07	1.471427e+00	1.986610e+09	6.140889e+02	6.144456e+02	6.143540e+02	7.099712e+00
890	1.477773e+07	1.473083e+00	1.986610e+09	6.140869e+02	6.144435e+02	6.143529e+02	7.102322e+00
891	1.477735e+07	1.474738e+00	1.986610e+09	6.140848e+02	6.144413e+02	6.143519e+02	7.104931e+00
892	1.477697e+07	1.476393e+00	1.986610e+09	6.140827e+02	6.144392e+02	6.143508e+02	7.107542e+00
893	1.477658e+07	1.478048e+00	1.986610e+09	6.140806e+02	6.144371e+02	6.143497e+02	7.110151e+00
894	1.477620e+07	1.479703e+00	1.986610e+09	6.140785e+02	6.144349e+02	6.143486e+02	7.112761e+00
895	1.477582e+07	1.481358e+00	1.986610e+09	6.140764e+02	6.144328e+02	6.143475e+02	7.115371e+00
896	1.477543e+07	1.483013e+00	1.986610e+09	6.140743e+02	6.144307e+02	6.143464e+02	7.117981e+00
897	1.477505e+07	1.484669e+00	1.986610e+09	6.140723e+02	6.144285e+02	6.143453e+02	7.120591e+00
898	1.477466e+07	1.486324e+00	1.986610e+09	6.140702e+02	6.144264e+02	6.143442e+02	7.123201e+00
899	1.477428e+07	1.487979e+00	1.986610e+09	6.140681e+02	6.144243e+02	6.143431e+02	7.125811e+00
900	1.477390e+07	1.489634e+00	1.986610e+09	6.140660e+02	6.144221e+02	6.143420e+02	7.128420e+00
901	1.477351e+07	1.491289e+00	1.986610e+09	6.140640e+02	6.144200e+02	6.143410e+02	7.131031e+00
902	1.477313e+07	1.492944e+00	1.986610e+09	6.140619e+02	6.144179e+02	6.143399e+02	7.133640e+00
903	1.477274e+07	1.494599e+00	1.986610e+09	6.140598e+02	6.144158e+02	6.143388e+02	7.136250e+00
904	1.477236e+07	1.496255e+00	1.986610e+09	6.140577e+02	6.144136e+02	6.143377e+02	7.138860e+00
905	1.477198e+07	1.497910e+00	1.986610e+09	6.140557e+02	6.144115e+02	6.143367e+02	7.141470e+00
906	1.477159e+07	1.499565e+00	1.986610e+09	6.140536e+02	6.144094e+02	6.143356e+02	7.144080e+00
907	1.477121e+07	1.501220e+00	1.986610e+09	6.140515e+02	6.144072e+02	6.143345e+02	7.146690e+00
908	1.477082e+07	1.502875e+00	1.986610e+09	6.140494e+02	6.144051e+02	6.143334e+02	7.149300e+00
909	1.477044e+07	1.504530e+00	1.986610e+09	6.140474e+02	6.144030e+02	6.143323e+02	7.151910e+00
910	1.477006e+07	1.506186e+00	1.986610e+09	6.140453e+02	6.144008e+02	6.143312e+02	7.154520e+00
911	1.476967e+07	1.507841e+00	1.986610e+09	6.140432e+02	6.143987e+02	6.143301e+02	7.157129e+00
912	1.476929e+07	1.509496e+00	1.986610e+09	6.140411e+02	6.143965e+02	6.143290e+02	7.159739e+00
913	1.476890e+07	1.511151e+00	1.986610e+09	6.140391e+02	6.143945e+02	6.143279e+02	7.162349e+00
914	1.476852e+07	1.512806e+00	1.986610e+09	6.140370e+02	6.143923e+02	6.143268e+02	7.164959e+00
915	1.476814e+07	1.514461e+00	1.986610e+09	6.140349e+02	6.143902e+02	6.143258e+02	7.167569e+00
916	1.476775e+07	1.516116e+00	1.986610e+09	6.140328e+02	6.143881e+02	6.143247e+02	7.170179e+00
917	1.476737e+07	1.517772e+00	1.986610e+09	6.140308e+02	6.143859e+02	6.143236e+02	7.172789e+00
918	1.476698e+07	1.519427e+00	1.986610e+09	6.140287e+02	6.143838e+02	6.143225e+02	7.175399e+00
919	1.476660e+07	1.521082e+00	1.986610e+09	6.140266e+02	6.143817e+02	6.143215e+02	7.178009e+00
920	1.476622e+07	1.522737e+00	1.986610e+09	6.140245e+02	6.143795e+02	6.143204e+02	7.180618e+00
921	1.476583e+07	1.524392e+00	1.986610e+09	6.140225e+02	6.143774e+02	6.143193e+02	7.183228e+00
922	1.476545e+07	1.526047e+00	1.986610e+09	6.140204e+02	6.143752e+02	6.143182e+02	7.185838e+00
923	1.476506e+07	1.527702e+00	1.986610e+09	6.140183e+02	6.143731e+02	6.143171e+02	7.188448e+00
924	1.476468e+07	1.529358e+00	1.986610e+09	6.140162e+02	6.143710e+02	6.143160e+02	7.191058e+00
925	1.476430e+07	1.531013e+00	1.986610e+09	6.140142e+02	6.143689e+02	6.143149e+02	7.193668e+00
926	1.476391e+07	1.532668e+00	1.986610e+09	6.140121e+02	6.143668e+02	6.143138e+02	7.196278e+00
927	1.476353e+07	1.534323e+00	1.986610e+09	6.140100e+02	6.143646e+02	6.143127e+02	7.198888e+00
928	1.476314e+07	1.535978e+00	1.986610e+09	6.140079e+02	6.143625e+02	6.143116e+02	7.201498e+00
929	1.476276e+07	1.537633e+00	1.986610e+09	6.140059e+02	6.143604e+02	6.143106e+02	7.204108e+00
930	1.476238e+07	1.539289e+00	1.986610e+09	6.140038e+02	6.143582e+02	6.143095e+02	7.206717e+00
931	1.476199e+07	1.540944e+00	1.986610e+09	6.140017e+02	6.143561e+02	6.143084e+02	7.209327e+00
932	1.476161e+07	1.542599e+00	1.986610e+09	6.139996e+02	6.143539e+02	6.143073e+02	7.211937e+00
933	1.476122e+07	1.544254e+00	1.986610e+09	6.139976e+02	6.143518e+02	6.143063e+02	7.214547e+00
934	1.476084e+07	1.545909e+00	1.986610e+09	6.139955e+02	6.143497e+02	6.143052e+02	7.217157e+00
935	1.476046e+07	1.547564e+00	1.986610e+09	6.139934e+02	6.143475e+02	6.143041e+02	7.219767e+00
936	1.476007e+07	1.549219e+00	1.986610e+09	6.139913e+02	6.143455e+02	6.143030e+02	7.222377e+00
937	1.475969e+07	1.550875e+00	1.986610e+09	6.139893e+02	6.143433e+02	6.143019e+02	7.224987e+00
938	1.475938e+07	1.552530e+00	1.986610e+09	6.139879e+02	6.143418e+02	6.143011e+02	7.226733e+00
939	1.475910e+07	1.554185e+00	1.986610e+09	6.139868e+02	6.143406e+02	6.143006e+02	7.227990e+00
940	1.475882e+07	1.555840e+00	1.986610e+09	6.139857e+02	6.143394e+02	6.143000e+02	7.229247e+00
941	1.475855e+07	1.557495e+00	1.986610e+09	6.139846e+02	6.143383e+02	6.142994e+02	7.230504e+00
942	1.475828e+07	1.559150e+00	1.986610e+09	6.139835e+02	6.143371e+02	6.142989e+02	7.231761e+00
943	1.475800e+07	1.560805e+00	1.986610e+09	6.139824e+02	6.143359e+02	6.142983e+02	7.233017e+00
944	1.475772e+07	1.562461e+00	1.986610e+09	6.139813e+02	6.143347e+02	6.142977e+02	7.234274e+00
945	1.475745e+07	1.564116e+00	1.986610e+09	6.139802e+02	6.143336e+02	6.142972e+02	7.235531e+00
946	1.475718e+07	1.565771e+00	1.986610e+09	6.139791e+02	6.143324e+02	6.142966e+02	7.236788e+00
947	1.475690e+07	1.567426e+00	1.986610e+09	6.139780e+02	6.143312e+02	6.142960e+02	7.238045e+00
948	1.475663e+07	1.569081e+00	1.986610e+09	6.139769e+02	6.143300e+02	6.142955e+02	7.239302e+00
949	1.475635e+07	1.570736e+00	1.986610e+09	6.139758e+02	6.143289e+02	6.142949e+02	7.240559e+00
950	1.475608e+07	1.572392e+00	1.986610e+09	6.139747e+02	6.143277e+02	6.142944e+02	7.241816e+00
951	1.475580e+07	1.574047e+00	1.986610e+09	6.139736e+02	6.143265e+02	6.142938e+02	7.243073e+00
952	1.475553e+07	1.575702e+00	1.986610e+09	6.139725e+02	6.143253e+02	6.142932e+02	7.244329e+00
953	1.475525e+07	1.577357e+00	1.986610e+09	6.139714e+02	6.143242e+02	6.142927e+02	7.245586e+00
954	1.475498e+07	1.579012e+00	1.986610e+09	6.139703e+02	6.143230e+02	6.142921e+02	7.246843e+00
955	1.475470e+07	1.580667e+00	1.986610e+09	6.139692e+02	6.143218e+02	6.142915e+02	7.248100e+00
956	1.475443e+07	1.582322e+00	1.986610e+09	6.139681e+02	6.143206e+02	6.142910e+02	7.249357e+00
957	1.475415e+07	1.583978e+00	1.986610e+09	6.139670e+02	6.143195e+02	6.142904e+02	7.250614e+00
958	1.475388e+07	1.585633e+00	1.986610e+09	6.139659e+02	6.143183e+02	6.142898e+02	7.251871e+00
959	1.475360e+07	1.587288e+00	1.986610e+09	6.139648e+02	6.143171e+02	6.142892e+02	7.253128e+00
960	1.475333e+07	1.588943e+00	1.986610e+09	6.139637e+02	6.143159e+02	6.142887e+02	7.254384e+00
961	1.475305e+07	1.590598e+00	1.986610e+09	6.139626e+02	6.143148e+02	6.142881e+02	7.255641e+00
962	1.475278e+07	1.592253e+00	1.986610e+09	6.139615e+02	6.143136e+02	6.142875e+02	7.256898e+00
963	1.475250e+07	1.593908e+00	1.986610e+09	6.139604e+02	6.143124e+02	6.142870e+02	7.258155e+00
964	1.475223e+07	1.595564e+00	1.986610e+09	6.139594e+02	6.143113e+02	6.142864e+02	7.259412e+00
965	1.475195e+07	1.597219e+00	1.986610e+09	6.139583e+02	6.143101e+02	6.142858e+02	7.260669e+00
966	1.475168e+07	1.598874e+00	1.986610e+09	6.139572e+02	6.143089e+02	6.142853e+02	7.261926e+00
967	1.475140e+07	1.600529e+00	1.986610e+09	6.139561e+02	6.143077e+02	6.142847e+02	7.263183e+00
968	1.475113e+07	1.602184e+00	1.986610e+09	6.139550e+02	6.143066e+02	6.142841e+02	7.264440e+00
969	1.475085e+07	1.603839e+00	1.986610e+09	6.139539e+02	6.143054e+02	6.142836e+02	7.265696e+00
970	1.475058e+07	1.605494e+00	1.986610e+09	6.139528e+02	6.143042e+02	6.142830e+02	7.266953e+00
971	1.475030e+07	1.607150e+00	1.986610e+09	6.139517e+02	6.143030e+02	6.142824e+02	7.268210e+00
972	1.475003e+07	1.608805e+00	1.986610e+09	6.139506e+02	6.143019e+02	6.142819e+02	7.269467e+00
973	1.474975e+07	1.610460e+00	1.986610e+09	6.139495e+02	6.143007e+02	6.142813e+02	7.270724e+00
974	1.474948e+07	1.612115e+00	1.986610e+09	6.139484e+02	6.142995e+02	6.142808e+02	7.271981e+00
975	1.474920e+07	1.613770e+00	1.986610e+09	6.139473e+02	6.142983e+02	6.142802e+02	7.273238e+00
976	1.474893e+07	1.615425e+00	1.986610e+09	6.139462e+02	6.142972e+02	6.142796e+02	7.274495e+00
977	1.474866e+07	1.617081e+00	1.986610e+09	6.139451e+02	6.142960e+02	6.142791e+02	7.275752e+00
978	1.474838e+07	1.618736e+00	1.986610e+09	6.139440e+02	6.142948e+02	6.142784e+02	7.277008e+00
979	1.474810e+07	1.620391e+00	1.986610e+09	6.139429e+02	6.142936e+02	6.142779e+02	7.278265e+00
980	1.474783e+07	1.622046e+00	1.986610e+09	6.139419e+02	6.142925e+02	6.142773e+02	7.279522e+00
981	1.474756e+07	1.623701e+00	1.986610e+09	6.139408e+02	6.142913e+02	6.142768e+02	7.280779e+00
982	1.474728e+07	1.625356e+00	1.986610e+09	6.139397e+02	6.142901e+02	6.142762e+02	7.282036e+00
983	1.474701e+07	1.627011e+00	1.986610e+09	6.139386e+02	6.142889e+02	6.142756e+02	7.283293e+00
984	1.474673e+07	1.628667e+00	1.986610e+09	6.139375e+02	6.142878e+02	6.142751e+02	7.284550e+00
985	1.474646e+07	1.630322e+00	1.986610e+09	6.139364e+02	6.142866e+02	6.142745e+02	7.285807e+00
986	1.474618e+07	1.631977e+00	1.986610e+09	6.139353e+02	6.142854e+02	6.142739e+02	7.287064e+00
987	1.474591e+07	1.633632e+00	1.986610e+09	6.139342e+02	6.142842e+02	6.142734e+02	7.288320e+00
988	1.474563e+07	1.635287e+00	1.986610e+09	6.139331e+02	6.142831e+02	6.142728e+02	7.289577e+00
989	1.474536e+07	1.636942e+00	1.986610e+09	6.139320e+02	6.142819e+02	6.142722e+02	7.290834e+00
990	1.474508e+07	1.638597e+00	1.986610e+09	6.139309e+02	6.142807e+02	6.142717e+02	7.292091e+00
991	1.474481e+07	1.640253e+00	1.986610e+09	6.139298e+02	6.142795e+02	6.142711e+02	7.293348e+00
992	1.474453e+07	1.641908e+00	1.986610e+09	6.139287e+02	6.142784e+02	6.142705e+02	7.294605e+00
993	1.474426e+07	1.643563e+00	1.986610e+09	6.139276e+02	6.142772e+02	6.142700e+02	7.295862e+00
994	1.474398e+07	1.645218e+00	1.986610e+09	6.139266e+02	6.142760e+02	6.142694e+02	7.297119e+00
995	1.474371e+07	1.646873e+00	1.986610e+09	6.139255e+02	6.142748e+02	6.142688e+02	7.298376e+00
996	1.474343e+07	1.648528e+00	1.986610e+09	6.139244e+02	6.142737e+02	6.142682e+02	7.299632e+00
997	1.474316e+07	1.650184e+00	1.986610e+09	6.139233e+02	6.142725e+02	6.142677e+02	7.300889e+00
998	1.474288e+07	1.651839e+00	1.986610e+09	6.139222e+02	6.142713e+02	6.142672e+02	7.302146e+00
999	1.474261e+07	1.653494e+00	1.986610e+09	6.139211e+02	6.142701e+02	6.142665e+02	7.303403e+00
1000	1.474233e+07	1.655149e+00	1.986610e+09	6.139200e+02	6.142690e+02	6.142660e+02	7.304660e+00
